resource_code,name,type,category,unit,price_avg,price_min,price_max,price_median,price_variants,currency,avg_cost_per_use,avg_qty_per_use,usage_count,used_in_work_items,parent_category,parent_collection,parent_department,parent_section
870005,composite work-day,Labor,Labor,work-day,1008.67,1008.67,1008.67,1008.67,1,KES,5756.2,5.7067,7704,7704,建筑工程,General installation works - Vol.4 Electrical equipment installation,dry installation,installation
840023,other tools cost,Equipment,General,CNY,0.0,0.0,0.0,0.0,0,KES,152.94,13.1468,5840,5840,建筑工程,earthwork and rock works,rock works works,excavating general earthwork
840004,other materials cost,Material,General,CNY,0.0,0.0,0.0,0.0,0,KES,89.46,6.9714,5546,5546,建筑工程,earthwork and rock works,backfill,foundation backfill
870003,composite work-day,Labor,Labor,work-day,1126.59,1126.59,1126.59,1126.59,1,KES,288.84,0.2564,1585,1585,建筑工程,door and window works,metal door,ceiling
870002,composite work-day,Labor,Labor,work-day,1066.35,1066.35,1066.35,1066.35,1,KES,1619.12,1.5184,814,814,建筑工程,ground treatment and slope support,foundation pit,()
100321,diesel,Material,General,kg,115.09,115.09,115.09,115.09,1,KES,691.2,6.0055,718,718,建筑工程,earthwork and rock works,rock works works,excavating general earthwork
090290,welding rod (composite),Material,Welding Consumables,kg,99.71,99.71,99.71,99.71,1,KES,177.24,1.7775,690,690,建筑工程,ground treatment and slope support,foundation pit,section steel pile
870004,composite work-day,Labor,Labor,work-day,1332.94,1332.94,1332.94,1332.94,1,KES,1156.74,0.8678,589,589,建筑工程,floor finishing works,floor tiling,ground
110057,drier,Material,General,kg,243.52,243.52,243.52,243.52,1,KES,0.64,0.0026,542,542,建筑工程,"painting, coating and wallpapering works",timber handrail and other items slab strips and mouldings paint,"metal door, window paint"
800138,mortar mixer 200L,Equipment,General,machine-shift,140.98,140.98,140.98,140.98,1,KES,1.21,0.0086,530,530,建筑工程,ground treatment and slope support,foundation pit,nail
870006,composite work-day,Labor,Labor,work-day,1238.09,1238.09,1238.09,1238.09,1,KES,35185.46,28.4191,414,414,建筑工程,General installation works - Vol.4 Electrical equipment installation,height electricity,electricity
850108,electricity,Equipment,General,machine-shift,232.88,232.88,232.88,232.88,1,KES,1501.3,6.4467,399,399,建筑工程,General installation works - Vol.5 Building intelligence systems,installation,installation
030001,sawn timber,Material,Wood & Timber,m3,24351.75,24351.75,24351.75,24351.75,1,KES,331.84,0.0136,392,392,建筑工程,ground treatment and slope support,precast concrete column,profile and other items roof
800011,welding machine (composite),Equipment,Welding Equip.,machine-shift,238.39,238.39,238.39,238.39,1,KES,42.26,0.1773,389,389,建筑工程,Piling works,bored pile,profile and other items roof
110120,acetylene gas,Material,Chemicals,m3,358.87,358.87,358.87,358.87,1,KES,153.78,0.4285,324,324,建筑工程,ground treatment and slope support,foundation pit,()
110499,acrylic paint thinner,Material,Paint & Coatings,kg,187.12,187.12,187.12,187.12,1,KES,7.0,0.0374,321,321,建筑工程,"painting, coating and wallpapering works",timber handrail and other items slab strips and mouldings paint,"metal door, window paint"
110121,oxygen,Material,Chemicals,m3,46.14,46.14,46.14,46.14,1,KES,36.83,0.7981,315,315,建筑工程,ground treatment and slope support,foundation pit,()
840021,materials cost,Material,General,CNY,0.0,0.0,0.0,0.0,0,KES,342.03,26.686,269,269,建筑工程,General installation works - Vol.6 Automation control instrumentation,and with,single
800045,rotary hammer 520W,Equipment,General,machine-shift,50.75,50.75,50.75,50.75,1,KES,5.4,0.1064,222,222,建筑工程,door and window works,metal door,decorative wall plastering
850002,34401A,Equipment,General,machine-shift,224.29,224.29,224.29,224.29,1,KES,453.63,2.0225,219,219,建筑工程,General installation works - Vol.4 Electrical equipment installation,height electricity,height electricity
870001,composite work-day,Labor,Labor,work-day,952.28,952.28,952.28,952.28,1,KES,885.55,0.9299,206,206,建筑工程,earthwork and rock works,rock works works,excavating general earthwork
800102,truck crane 16t,Equipment,Cranes,machine-shift,11729.85,11729.85,11729.85,11729.85,1,KES,563.1,0.048,198,198,建筑工程,ground treatment and slope support,foundation pit,section steel pile
850125,F-87,Equipment,General,machine-shift,87.15,87.15,87.15,87.15,1,KES,735.33,8.4372,185,185,建筑工程,General installation works - Vol.4 Electrical equipment installation,electricity,electricity
800073,stone cutter,Equipment,General,machine-shift,297.35,297.35,297.35,297.35,1,KES,4.0,0.0135,179,179,建筑工程,roofing and waterproofing works,anti-corrosion finish layer,profile and other items roof
280120,6,Material,General,pcs,43.45,43.45,43.45,43.45,1,KES,88.2,2.03,173,173,建筑工程,General installation works - Vol.4 Electrical equipment installation,electricity installation,mesh installation
010023,galvanized flat steel,Material,Steel & Metal,kg,66.9,66.9,66.9,66.9,1,KES,175.91,2.6293,165,165,建筑工程,General installation works - Vol.4 Electrical equipment installation,dry installation,installation
800186,hand drill 0.5kW,Equipment,General,machine-shift,14.74,14.74,14.74,14.74,1,KES,0.98,0.0667,158,158,建筑工程,door and window works,metal door,stone slab beam surface
100040,white spirit paint,Material,Paint & Coatings,kg,230.7,230.7,230.7,230.7,1,KES,6.5,0.0282,158,158,建筑工程,floor finishing works,timber handrail and other items slab strips and mouldings paint,"metal door, window paint"
800033,AC welder 32kVA,Equipment,Welding Equip.,machine-shift,192.25,192.25,192.25,192.25,1,KES,110.48,0.5747,157,157,建筑工程,ground treatment and slope support,foundation pit,section steel pile
800148,electric drill 1kW,Equipment,General,machine-shift,58.96,58.96,58.96,58.96,1,KES,12.77,0.2165,152,152,建筑工程,door and window works,"door, door",column (beam) surface decorative
110060,silicone sealant (sealant),Material,Rubber,pcs,87.15,87.15,87.15,87.15,1,KES,53.88,0.6182,149,149,建筑工程,door and window works,skirting,stone slab column surface
800278,cargo truck 15t,Equipment,Trucks,machine-shift,5035.68,5035.68,5035.68,5035.68,1,KES,201.45,0.04,145,145,建筑工程,Preliminaries and site measures,cast-in-situ concrete formwork and brackets,scaffolding
150007,electricity,Material,General,kWh,16.28,16.28,16.28,16.28,1,KES,132.91,8.1654,143,143,建筑工程,ground treatment and slope support,foundation pit,ground wall
840027,amortised materials cost,Material,General,CNY,0.0,0.0,0.0,0.0,0,KES,883.63,68.9437,142,142,建筑工程,Preliminaries and site measures,cast-in-situ concrete formwork and brackets,scaffolding
840028,rental materials cost,Material,General,CNY,0.0,0.0,0.0,0.0,0,KES,246.63,19.2429,142,142,建筑工程,Preliminaries and site measures,cast-in-situ concrete formwork and brackets,scaffolding
350011,moulding BV-6,Material,General,m,50.63,50.63,50.63,50.63,1,KES,104.29,2.0601,140,140,建筑工程,General installation works - Vol.5 Building intelligence systems,installation,mesh installation
800007,cargo truck 5t,Equipment,Trucks,machine-shift,2480.03,2480.03,2480.03,2480.03,1,KES,195.98,0.079,140,140,建筑工程,General installation works - Vol.4 Electrical equipment installation,height electricity installation,installation
090263,iron fittings,Material,Steel & Metal,kg,57.68,57.68,57.68,57.68,1,KES,1434.87,24.8784,137,137,建筑工程,Piling works,block masonry,roof water
280122,16,Material,General,pcs,86.9,86.9,86.9,86.9,1,KES,223.98,2.5775,135,135,建筑工程,General installation works - Vol.4 Electrical equipment installation,electricity installation,electricity embedding installation
090045,galvanized 8,Material,General,pcs,0.13,0.13,0.13,0.13,1,KES,0.62,4.8598,130,130,建筑工程,General installation works - Vol.4 Electrical equipment installation,electricity installation,installation
800014,electricity winch single 5t,Equipment,Hoists,machine-shift,1445.72,1445.72,1445.72,1445.72,1,KES,579.28,0.4007,129,129,建筑工程,General installation works - Vol.7 Ventilation and air conditioning,and installation,installation
850009,electricity 3141,Equipment,General,machine-shift,80.36,80.36,80.36,80.36,1,KES,37.72,0.4694,128,128,建筑工程,General installation works - Vol.4 Electrical equipment installation,electricity,electricity
090029,galvanized 8,Material,General,pcs,1.41,1.41,1.41,1.41,1,KES,13.45,9.541,127,127,建筑工程,ceiling works,ceiling suspended ceiling,ceiling keel
090030,galvanized 10,Material,General,pcs,1.41,1.41,1.41,1.41,1,KES,14.8,10.4954,121,121,建筑工程,General installation works - Vol.4 Electrical equipment installation,height installation,installation
110152,contact adhesive,Material,General,kg,173.03,173.03,173.03,173.03,1,KES,50.08,0.2894,120,120,建筑工程,door and window works,window slab,roof ()
110321,water,Material,Water,kg,82.41,82.41,82.41,82.41,1,KES,4.49,0.0545,117,117,建筑工程,General installation works - Vol.5 Building intelligence systems,installation,installation
010138,shim plate,Material,General,kg,58.7,58.7,58.7,58.7,1,KES,127.39,2.1702,116,116,建筑工程,Piling works,precast concrete column,profile and other items roof
020003,white cement,Material,Concrete & Cement,kg,12.18,12.18,12.18,12.18,1,KES,7.34,0.6026,116,116,建筑工程,"wall and column finishes, partitions and curtain walls",wall block-facing layer,stone slab wall surface
010016,angle steel 63 within,Material,Steel & Metal,kg,47.04,47.04,47.04,47.04,1,KES,268.58,5.71,115,115,建筑工程,roofing and waterproofing works,column (beam) facing,profile and other items roof
150122,stone-cutter blade,Equipment,General,pcs,102.53,102.53,102.53,102.53,1,KES,3.47,0.0338,113,113,建筑工程,"wall and column finishes, partitions and curtain walls",wall block-facing layer,stone slab wall surface
090174,shim plate,Material,General,kg,48.7,48.7,48.7,48.7,1,KES,174.06,3.5739,113,113,建筑工程,General installation works - Vol.4 Electrical equipment installation,dry installation,installation
110570,oil-based acrylic woodwork primer,Material,Wood & Timber,kg,205.07,205.07,205.07,205.07,1,KES,22.44,0.1094,112,112,建筑工程,"painting, coating and wallpapering works",timber handrail and other items slab strips and mouldings paint,timber handrail paint
110769,nitrocellulose woodwork primer thinner,Material,Wood & Timber,kg,448.58,448.58,448.58,448.58,1,KES,8.24,0.0184,112,112,建筑工程,"painting, coating and wallpapering works",timber handrail and other items slab strips and mouldings paint,timber handrail paint
350237,ground moulding,Material,General,m,192.25,192.25,192.25,192.25,1,KES,126.69,0.659,111,111,建筑工程,General installation works - Vol.4 Electrical equipment installation,electricity installation,electricity embedding installation
110172,petrol,Material,General,kg,120.99,120.99,120.99,120.99,1,KES,2042.06,16.8779,109,109,建筑工程,ground treatment and slope support,Roof waterproofing and sundries,roof membrane waterproofing
400034,DS mortar,Material,Concrete & Cement,m3,5882.87,5882.87,5882.87,5882.87,1,KES,157.88,0.0268,107,107,建筑工程,Masonry works,blinding layer,profile and other items roof
110593,polyurethane primer thinner,Material,Paint & Coatings,kg,187.12,187.12,187.12,187.12,1,KES,4.22,0.0225,106,106,建筑工程,"painting, coating and wallpapering works",timber handrail and other items slab strips and mouldings paint,"metal door, window paint"
110132,latex,Material,General,kg,83.31,83.31,83.31,83.31,1,KES,77.41,0.9292,106,106,建筑工程,timber-structure works,timber structural,wall surface decorative slab
020001,cement (composite),Material,Concrete & Cement,kg,5.13,5.13,5.13,5.13,1,KES,163.9,31.9707,101,101,建筑工程,Piling works,bored pile,anti-corrosion mortar finish layer
090503,galvanized nail M6,Equipment,General,set,5.77,5.77,5.77,5.77,1,KES,22.88,3.9667,100,100,建筑工程,General installation works - Vol.5 Building intelligence systems,installation,electricity installation
830075,composite plywood formwork,Material,Wood & Timber,m2,384.5,384.5,384.5,384.5,1,KES,35.45,0.0922,99,99,建筑工程,Preliminaries and site measures,cast-in-situ concrete formwork and brackets,foundation
110360,coal bitumen primer,Material,Paint & Coatings,kg,206.35,206.35,206.35,206.35,1,KES,25.7,0.1245,99,99,建筑工程,"General installation works - Vol.12 Painting, anti-corrosion, thermal insulation",anti-corrosion,ordinary anti-corrosion brushing coating
040025,sand,Material,Aggregates,kg,0.9,0.9,0.9,0.9,1,KES,68.0,75.7993,99,99,建筑工程,ground treatment and slope support,stone masonry,profile and other items roof
110361,coal bitumen topcoat,Material,Waterproofing,kg,206.35,206.35,206.35,206.35,1,KES,208.8,1.0119,99,99,建筑工程,"General installation works - Vol.12 Painting, anti-corrosion, thermal insulation",anti-corrosion,ordinary anti-corrosion brushing coating
090278,alloy-steel drill bit,Material,Steel & Metal,pcs,384.5,384.5,384.5,384.5,1,KES,73.47,0.1911,98,98,建筑工程,"wall and column finishes, partitions and curtain walls",wall block-facing layer,stone slab wall surface
850194,composite 2422,Equipment,General,machine-shift,390.91,390.91,390.91,390.91,1,KES,1799.47,4.6033,98,98,建筑工程,General installation works - Vol.6 Automation control instrumentation,and,(DCS)
090495,galvanized 10,Material,General,pcs,0.38,0.38,0.38,0.38,1,KES,1.97,5.1336,97,97,建筑工程,General installation works - Vol.4 Electrical equipment installation,height installation,installation
840006,water,Material,Water,t,79.59,79.59,79.59,79.59,1,KES,44.01,0.553,96,96,建筑工程,ground treatment and slope support,foundation pit,section steel pile
850201,electricity SB861,Equipment,General,machine-shift,564.96,564.96,564.96,564.96,1,KES,318.87,0.5644,96,96,建筑工程,General installation works - Vol.6 Automation control instrumentation,and,single
400043,adhesive DTA mortar,Material,Concrete & Cement,m3,28196.76,28196.76,28196.76,28196.76,1,KES,187.36,0.0066,96,96,建筑工程,door and window works,door window,profile and other items roof
800185,electric cutter,Equipment,General,machine-shift,356.32,356.3,356.95,356.3,2,KES,16.84,0.0472,95,95,建筑工程,"wall and column finishes, partitions and curtain walls",wall facing,wall surface decorative slab
090233,galvanized iron wire 8 12,Material,Steel & Metal,kg,80.1,80.1,80.1,80.1,1,KES,132.29,1.6515,95,95,建筑工程,concrete and reinforced concrete works,cast-in-situ concrete slab,timber ground slab
110546,thinner,Material,General,kg,435.77,435.77,435.77,435.77,1,KES,44.92,0.1031,93,93,建筑工程,"General installation works - Vol.12 Painting, anti-corrosion, thermal insulation",anti-corrosion,paint
850180,DF-1,Equipment,General,machine-shift,161.88,161.88,161.88,161.88,1,KES,861.65,5.3229,93,93,建筑工程,General installation works - Vol.6 Automation control instrumentation,mesh and,mesh
110586,alkyd enamel thinner,Material,Paint & Coatings,kg,137.14,137.14,137.14,137.14,1,KES,2.19,0.016,90,90,建筑工程,"painting, coating and wallpapering works",timber handrail and other items slab strips and mouldings paint,timber handrail paint
110585,alkyd enamel,Material,Paint & Coatings,kg,207.63,207.63,207.63,207.63,1,KES,32.02,0.1542,90,90,建筑工程,"painting, coating and wallpapering works",timber handrail and other items slab strips and mouldings paint,timber handrail paint
110174,200 petrol,Material,General,kg,80.23,80.23,80.23,80.23,1,KES,4.34,0.0541,90,90,建筑工程,General installation works - Vol.4 Electrical equipment installation,rectangular brushing,water slab
110547,poly paint thinner,Material,Paint & Coatings,kg,173.03,173.03,173.03,173.03,1,KES,8.08,0.0467,90,90,建筑工程,"General installation works - Vol.12 Painting, anti-corrosion, thermal insulation",,poly paint
110589,polyurethane topcoat thinner,Material,General,kg,187.12,187.12,187.12,187.12,1,KES,4.37,0.0234,88,88,建筑工程,"painting, coating and wallpapering works",timber handrail and other items slab strips and mouldings paint,"metal door, window paint"
110583,alkyd enamel,Material,Paint & Coatings,kg,224.29,224.29,224.29,224.29,1,KES,28.39,0.1266,86,86,建筑工程,"painting, coating and wallpapering works",timber handrail and other items slab strips and mouldings paint,timber handrail paint
110568,alkyd primer,Material,Paint & Coatings,kg,166.62,166.62,166.62,166.62,1,KES,15.2,0.0912,86,86,建筑工程,"painting, coating and wallpapering works",timber handrail and other items slab strips and mouldings paint,timber handrail paint
850205,electricity PZ38,Equipment,General,machine-shift,60.62,60.62,60.62,60.62,1,KES,340.74,5.6206,86,86,建筑工程,General installation works - Vol.6 Automation control instrumentation,mesh and,mesh
110584,alkyd enamel thinner,Material,Paint & Coatings,kg,137.14,137.14,137.14,137.14,1,KES,1.99,0.0145,86,86,建筑工程,"painting, coating and wallpapering works",timber handrail and other items slab strips and mouldings paint,timber handrail paint
110564,oil-based clear sealer primer,Material,Paint & Coatings,kg,260.18,260.18,260.18,260.18,1,KES,15.81,0.0608,86,86,建筑工程,"painting, coating and wallpapering works",timber handrail and other items slab strips and mouldings paint,timber handrail paint
010001,reinforcing steel 10 within,Material,Steel & Metal,kg,48.32,48.32,48.32,48.32,1,KES,3009.17,62.2772,85,85,建筑工程,ground treatment and slope support,foundation pit,nail
850258,composite D-063,Equipment,General,machine-shift,140.47,140.47,140.47,140.47,1,KES,128.09,0.9118,85,85,建筑工程,General installation works - Vol.6 Automation control instrumentation,lock,single
010014,round bar 10 within,Material,General,kg,46.52,46.52,46.52,46.52,1,KES,49.5,1.0639,84,84,建筑工程,other decoration works,moulding installation,(substrate)
110581,phenolic ready-mixed paint,Material,Paint & Coatings,kg,224.29,224.29,224.29,224.29,1,KES,30.93,0.1379,84,84,建筑工程,"painting, coating and wallpapering works",timber handrail and other items slab strips and mouldings paint,timber handrail paint
110579,phenolic enamel,Material,Paint & Coatings,kg,185.84,185.84,185.84,185.84,1,KES,25.1,0.1351,84,84,建筑工程,"painting, coating and wallpapering works",timber handrail and other items slab strips and mouldings paint,timber handrail paint
110572,nitrocellulose woodwork primer,Material,Wood & Timber,kg,237.11,237.11,237.11,237.11,1,KES,15.8,0.0666,84,84,建筑工程,"painting, coating and wallpapering works",timber handrail and other items slab strips and mouldings paint,timber handrail paint
110580,phenolic enamel thinner,Material,Paint & Coatings,kg,198.66,198.66,198.66,198.66,1,KES,4.06,0.0204,84,84,建筑工程,"painting, coating and wallpapering works",timber handrail and other items slab strips and mouldings paint,timber handrail paint
110573,polyurethane woodwork primer,Material,Wood & Timber,kg,288.38,288.38,288.38,288.38,1,KES,22.72,0.0788,84,84,建筑工程,"painting, coating and wallpapering works",timber handrail and other items slab strips and mouldings paint,timber handrail paint
030007,plywood 5mm,Material,Wood & Timber,m2,194.81,194.81,194.81,194.81,1,KES,203.64,1.0453,84,84,建筑工程,"wall and column finishes, partitions and curtain walls",wall facing,wall surface decorative slab
110582,phenolic ready-mixed paint thinner,Material,Paint & Coatings,kg,185.84,185.84,185.84,185.84,1,KES,5.39,0.029,84,84,建筑工程,"painting, coating and wallpapering works",timber handrail and other items slab strips and mouldings paint,timber handrail paint
090176,shim plate,Material,General,kg,48.7,48.7,48.7,48.7,1,KES,943.92,19.381,82,82,建筑工程,General installation works - Vol.7 Ventilation and air conditioning,installation,water installation
110569,alkyd primer thinner,Material,Paint & Coatings,kg,185.84,185.84,185.84,185.84,1,KES,1.62,0.0087,82,82,建筑工程,"painting, coating and wallpapering works",timber handrail and other items slab strips and mouldings paint,timber handrail paint
090160,expansion bolt 10,Material,Fasteners,set,31.66,31.66,31.66,31.66,1,KES,179.65,5.6749,82,82,建筑工程,ceiling works,ceiling suspended ceiling,ceiling keel
090175,flat shim plate,Material,General,kg,48.7,48.7,48.7,48.7,1,KES,733.4,15.0586,82,82,建筑工程,General installation works - Vol.7 Ventilation and air conditioning,installation,water installation
800024,air compressor 6m3/min,Equipment,Compressors,machine-shift,416.54,416.54,416.54,416.54,1,KES,21.77,0.0523,81,81,建筑工程,metal-structure works,steel frame,roof membrane waterproofing
330026,moulding,Material,General,Package,1922.51,1922.51,1922.51,1922.51,1,KES,42.6,0.0222,81,81,建筑工程,General installation works - Vol.5 Building intelligence systems,installation,() moulding
110565,water-based clear sealer primer,Material,Paint & Coatings,kg,237.11,237.11,237.11,237.11,1,KES,7.7,0.0325,78,78,建筑工程,"painting, coating and wallpapering works",timber handrail and other items slab strips and mouldings paint,timber handrail paint
090273,iron fittings,Material,Steel & Metal,kg,52.55,52.55,52.55,52.55,1,KES,1106.65,21.0596,77,77,建筑工程,concrete and reinforced concrete works,reinforcing steel works,GRC decorative moulding
110561,woodwork putty,Material,Wood & Timber,kg,76.9,76.9,76.9,76.9,1,KES,21.49,0.2795,76,76,建筑工程,"painting, coating and wallpapering works",timber handrail and other items slab strips and mouldings paint,timber handrail paint
110576,oil-based acrylic topcoat,Material,General,kg,358.87,358.87,358.87,358.87,1,KES,48.03,0.1338,76,76,建筑工程,"painting, coating and wallpapering works",timber handrail and other items slab strips and mouldings paint,"metal door, window paint"
110500,polyurethane woodwork topcoat,Material,Wood & Timber,kg,474.22,474.22,474.22,474.22,1,KES,51.23,0.108,76,76,建筑工程,"painting, coating and wallpapering works",timber handrail and other items slab strips and mouldings paint,timber handrail paint
110567,phenolic primer thinner,Material,Paint & Coatings,kg,173.03,173.03,173.03,173.03,1,KES,2.29,0.0133,76,76,建筑工程,"painting, coating and wallpapering works",timber handrail and other items slab strips and mouldings paint,timber handrail paint
110248,thinner,Material,General,kg,167.9,167.9,167.9,167.9,1,KES,9.73,0.0579,75,75,建筑工程,"General installation works - Vol.12 Painting, anti-corrosion, thermal insulation",,H8701 anti-corrosion coating
110020,anti-rust paint,Material,Paint & Coatings,kg,208.91,208.91,208.91,208.91,1,KES,8.8,0.0421,74,74,建筑工程,"painting, coating and wallpapering works",metal surface paint,"metal door, window paint"
400031,plastering mortar DP-MR,Material,Concrete & Cement,m3,5664.98,5664.98,5664.98,5664.98,1,KES,37.26,0.0066,73,73,建筑工程,roofing and waterproofing works,"wall surface waterproofing, moisture-proofing",wall surface mortar waterproofing (moisture-proofing)
800010,composite,Equipment,General,machine-shift,5348.41,5348.41,5348.41,5348.41,1,KES,838.6,0.1568,73,73,建筑工程,General installation works - Vol.7 Ventilation and air conditioning,and installation,installation
110566,phenolic primer,Material,Paint & Coatings,kg,144.83,144.83,144.83,144.83,1,KES,9.8,0.0676,72,72,建筑工程,"painting, coating and wallpapering works",timber handrail and other items slab strips and mouldings paint,timber handrail paint
830076,steel formwork,Material,Steel & Metal,m2-day,4.49,4.49,4.49,4.49,1,KES,53.31,11.8833,71,71,建筑工程,Preliminaries and site measures,cast-in-situ concrete formwork and brackets,foundation
090188,nail,Material,Fasteners,pcs,0.51,0.51,0.51,0.51,1,KES,3.53,6.8854,70,70,建筑工程,metal-structure works,"steel plate floor slab, wall slab",and
110587,nitrocellulose woodwork topcoat,Material,Wood & Timber,kg,262.74,262.74,262.74,262.74,1,KES,30.87,0.1175,70,70,建筑工程,"painting, coating and wallpapering works",timber handrail and other items slab strips and mouldings paint,timber handrail paint
090121,galvanized with bolt 8×(30 60),Material,Fasteners,set,5.25,5.25,5.25,5.25,1,KES,44.81,8.5273,70,70,建筑工程,roofing and waterproofing works,installation,bonding structural roof
110588,nitrocellulose woodwork topcoat thinner,Material,Wood & Timber,kg,211.48,211.48,211.48,211.48,1,KES,3.11,0.0147,70,70,建筑工程,"painting, coating and wallpapering works",timber handrail and other items slab strips and mouldings paint,timber handrail paint
090159,expansion bolt 8,Material,Fasteners,set,14.61,14.61,14.61,14.61,1,KES,67.92,4.6487,69,69,建筑工程,roofing and waterproofing works,Roof waterproofing and sundries,roof ()
030011,slab,Material,General,m2,448.58,448.58,448.58,448.58,1,KES,1318.02,2.9382,68,68,建筑工程,door and window works,door window,wall surface decorative slab
090125,galvanized with bolt 10×(40 60),Material,Fasteners,set,8.2,8.2,8.2,8.2,1,KES,36.92,4.5012,67,67,建筑工程,General installation works - Vol.4 Electrical equipment installation,installation,installation
030053,square timber,Material,Wood & Timber,m3,24351.75,24351.75,24351.75,24351.75,1,KES,1872.26,0.0769,67,67,建筑工程,concrete and reinforced concrete works,precast concrete beam,wall surface decorative slab
130001,glass,Material,Glass,m2,35.89,35.89,35.89,35.89,1,KES,84.93,2.3665,65,65,建筑工程,roofing and waterproofing works,wall facing,profile and other items roof
010018,flat steel 60 within,Material,Steel & Metal,kg,47.04,47.04,47.04,47.04,1,KES,89.69,1.9068,65,65,建筑工程,roofing and waterproofing works,column (beam) facing,profile and other items roof
110199,type adhesive,Material,General,kg,25.63,25.63,25.63,25.63,1,KES,111.55,4.3518,64,64,建筑工程,"wall and column finishes, partitions and curtain walls",wall block-facing layer,decorative wall plastering
350029,moulding BV-16,Material,General,m,113.43,113.43,113.43,113.43,1,KES,154.85,1.3652,64,64,建筑工程,General installation works - Vol.5 Building intelligence systems,installation,"frame, installation"
400045,surface mortar DB,Material,Concrete & Cement,m3,5882.87,5882.87,5882.87,5882.87,1,KES,7.45,0.0013,64,64,建筑工程,Thermal insulation and anti-corrosion works,decorative,ceiling
010030,ordinary steel plate 3.5 4.0,Material,Steel & Metal,kg,56.52,56.52,56.52,56.52,1,KES,47.76,0.845,63,63,建筑工程,General installation works - Vol.4 Electrical equipment installation,installation,Moulding and steel fabrication installation
120010,poly with d 20,Material,General,m,4.36,4.36,4.36,4.36,1,KES,8.21,1.8839,62,62,建筑工程,General installation works - Vol.9 Fire protection,welding steel pipe,welding steel pipe ()
850196,NF-1513A,Equipment,General,machine-shift,113.56,113.56,113.56,113.56,1,KES,107.77,0.949,62,62,建筑工程,General installation works - Vol.6 Automation control instrumentation,and,(DCS)
850256,electricity composite,Equipment,General,machine-shift,151.62,151.62,151.62,151.62,1,KES,126.94,0.8372,62,62,建筑工程,General installation works - Vol.6 Automation control instrumentation,and,single
800238,7.5kW,Equipment,General,machine-shift,65.75,65.75,65.75,65.75,1,KES,4.28,0.0652,61,61,建筑工程,Thermal insulation and anti-corrosion works,anti-corrosion finish layer,glass steel anti-corrosion finish layer
800002,truck crane 8t,Equipment,Cranes,machine-shift,6287.88,6287.88,6287.88,6287.88,1,KES,1234.07,0.1963,61,61,建筑工程,General installation works - Vol.4 Electrical equipment installation,height electricity installation,pit
400054,masonry mortar DM5.0-HR,Material,Concrete & Cement,m3,5882.87,5882.87,5882.87,5882.87,1,KES,466.25,0.0793,59,59,建筑工程,Masonry works,block masonry,
130040,alkali-resistant coating fibreglass mesh,Material,Glass,m2,25.63,25.63,25.63,25.63,1,KES,26.84,1.0472,59,59,建筑工程,roofing and waterproofing works,column (beam) surface plastering,ceiling
110498,acrylic woodwork topcoat,Material,Wood & Timber,kg,384.5,384.5,384.5,384.5,1,KES,48.82,0.127,58,58,建筑工程,"painting, coating and wallpapering works",timber handrail and other items slab strips and mouldings paint,timber handrail paint
110398,enamel,Material,Paint & Coatings,kg,438.33,438.33,438.33,438.33,1,KES,130.86,0.2986,58,58,建筑工程,"General installation works - Vol.12 Painting, anti-corrosion, thermal insulation",,paint
850197,PM6665/036,Equipment,General,machine-shift,536.51,536.51,536.51,536.51,1,KES,364.88,0.6801,58,58,建筑工程,General installation works - Vol.6 Automation control instrumentation,and,single
110166,adhesive,Material,General,kg,29.48,29.48,29.48,29.48,1,KES,4.49,0.1525,57,57,建筑工程,door and window works,door window,anti-corrosion mortar finish layer
100080,polyurethane waterproofing coating,Material,Waterproofing,kg,205.07,205.07,205.07,205.07,1,KES,97.47,0.4753,57,57,建筑工程,roofing and waterproofing works,Roof waterproofing and sundries,roof membrane waterproofing
030093,timber,Material,Wood & Timber,m3,24351.75,24351.75,24351.75,24351.75,1,KES,136.31,0.0056,57,57,建筑工程,metal-structure works,steel frame,profile and other items roof
110142,adhesive,Material,General,kg,162.77,162.77,162.77,162.77,1,KES,43.89,0.2696,56,56,建筑工程,roofing and waterproofing works,Roof waterproofing and sundries,profile and other items roof
800147,woodworking saw (composite),Equipment,General,machine-shift,116.76,116.76,116.76,116.76,1,KES,1.38,0.0119,54,54,建筑工程,floor finishing works,finish layer,timber ground slab
090707,with bolt M8×14,Material,Fasteners,set,14.1,14.1,14.1,14.1,1,KES,56.18,3.985,54,54,建筑工程,General installation works - Vol.6 Automation control instrumentation,and with,single
830079,water decorative concrete formwork,Material,Concrete & Cement,m2,769.0,769.0,769.0,769.0,1,KES,201.89,0.2625,54,54,建筑工程,Preliminaries and site measures,cast-in-situ concrete formwork and brackets,column
110578,acrylic polyurethane primer,Material,Paint & Coatings,kg,274.28,274.28,274.28,274.28,1,KES,15.89,0.0579,54,54,建筑工程,"painting, coating and wallpapering works",timber handrail and other items slab strips and mouldings paint,timber handrail paint
350028,moulding BV-1.5,Material,General,m,14.23,14.23,14.23,14.23,1,KES,51.03,3.5872,54,54,建筑工程,General installation works - Vol.5 Building intelligence systems,,"installation, single"
150300,type,Material,General,pcs,6.41,6.41,6.41,6.41,1,KES,38.72,6.0418,53,53,建筑工程,General installation works - Vol.4 Electrical equipment installation,moulding installation,PVC
800018,(composite),Equipment,General,machine-shift,108.43,108.43,108.43,108.43,1,KES,0.9,0.0083,53,53,建筑工程,General installation works - Vol.7 Ventilation and air conditioning,installation,galvanized steel pipe (welding)
400009,C30 ready-mixed concrete,Material,Concrete & Cement,m3,5254.85,5254.85,5254.85,5254.85,1,KES,4999.2,0.9513,52,52,建筑工程,ground treatment and slope support,foundation pit,ground wall
110234,oil-based coating thinner,Material,General,kg,142.27,142.27,142.27,142.27,1,KES,3.36,0.0236,52,52,建筑工程,"painting, coating and wallpapering works",timber surface paint,timber suspended ceiling paint
110108,stone,Material,General,kg,17.94,17.94,17.94,17.94,1,KES,4.87,0.2716,52,52,建筑工程,Thermal insulation and anti-corrosion works,anti-corrosion finish layer,glass steel anti-corrosion finish layer
110016,ready-mixed paint,Material,Paint & Coatings,kg,158.93,158.93,158.93,158.93,1,KES,3.96,0.0249,51,51,建筑工程,General installation works - Vol.4 Electrical equipment installation,"electricity, installation",electricity embedding installation
010033,ordinary steel plate 16 20,Material,Steel & Metal,kg,57.55,57.55,57.55,57.55,1,KES,426.84,7.4172,51,51,建筑工程,ground treatment and slope support,foundation pit,()
090496,galvanized 12,Material,General,pcs,0.38,0.38,0.38,0.38,1,KES,2.52,6.5484,51,51,建筑工程,General installation works - Vol.4 Electrical equipment installation,height electricity installation,
110097,type adhesive,Material,General,kg,17.43,17.43,17.43,17.43,1,KES,5.2,0.2982,51,51,建筑工程,"wall and column finishes, partitions and curtain walls",wall facing,wall surface decorative slab
120030,special-shaped 5,Material,General,m,3.33,3.33,3.33,3.33,1,KES,8.75,2.6272,50,50,建筑工程,General installation works - Vol.4 Electrical equipment installation,"electricity, installation",
090120,galvanized with bolt 8×(16 25),Material,Fasteners,set,3.2,3.2,3.2,3.2,1,KES,17.69,5.5211,50,50,建筑工程,General installation works - Vol.5 Building intelligence systems,mesh,installation
100098,glass,Material,Glass,m2,38.45,38.45,38.45,38.45,1,KES,55.86,1.4528,50,50,建筑工程,roofing and waterproofing works,"basement and floor waterproofing, moisture-proofing",floor membrane waterproofing
800050,welding rod dry 600×500×750,Equipment,Welding Equip.,machine-shift,288.38,288.38,288.38,288.38,1,KES,100.45,0.3483,50,50,建筑工程,metal-structure works,steel frame,
091056,galvanized expansion bolt 8,Material,Fasteners,set,36.14,36.14,36.14,36.14,1,KES,91.15,2.5218,50,50,建筑工程,General installation works - Vol.4 Electrical equipment installation,installation,installation
010154,steel wire,Material,Steel & Metal,kg,99.07,99.07,99.07,99.07,1,KES,39.5,0.3987,49,49,建筑工程,concrete and reinforced concrete works,precast concrete column,
090338,stainless steel,Material,Steel & Metal,pcs,33.32,33.32,33.32,33.32,1,KES,348.84,10.4682,49,49,建筑工程,"wall and column finishes, partitions and curtain walls",wall facing,wall surface decorative slab
110575,oil-based fluorocarbon topcoat,Material,General,kg,366.56,366.56,366.56,366.56,1,KES,81.76,0.223,48,48,建筑工程,"painting, coating and wallpapering works",timber handrail and other items slab strips and mouldings paint,timber handrail paint
800231,welding rod,Equipment,Welding Equip.,machine-shift,194.81,194.81,194.81,194.81,1,KES,67.49,0.3464,48,48,建筑工程,metal-structure works,steel frame,
110059,(anti-corrosion),Material,General,kg,17.94,17.94,17.94,17.94,1,KES,4.37,0.2438,47,47,建筑工程,floor finishing works,floor tiling,timber ground slab
800006,cargo truck 4t,Equipment,Trucks,machine-shift,2303.16,2303.16,2303.16,2303.16,1,KES,1222.36,0.5307,47,47,建筑工程,General installation works - Vol.4 Electrical equipment installation,"electricity, installation","installation, single"
800184,bar cutter,Equipment,General,machine-shift,183.28,183.28,183.28,183.28,1,KES,36.31,0.1981,47,47,建筑工程,concrete and reinforced concrete works,reinforcing steel works,profile and other items roof
250051,"(with, with) 0 1.6MPa",Material,General,set,1962.24,1962.24,1962.24,1962.24,1,KES,88.3,0.045,47,47,建筑工程,General installation works - Vol.9 Fire protection,welding steel pipe,galvanized steel pipe (welding)
100035,adhesive slab 3 5,Material,General,kg,109.45,109.45,109.45,109.45,1,KES,51.42,0.4698,46,46,建筑工程,General installation works - Vol.7 Ventilation and air conditioning,and installation,installation
110024,phenolic enamel,Material,Paint & Coatings,kg,221.73,221.73,221.73,221.73,1,KES,12.77,0.0576,45,45,建筑工程,General installation works - Vol.4 Electrical equipment installation,height electricity installation,electricity embedding installation
810233,1:1 cement mortar,Material,Concrete & Cement,m3,6100.75,6100.75,6100.75,6100.75,1,KES,24.75,0.0041,44,44,建筑工程,"wall and column finishes, partitions and curtain walls",column (beam) surface plastering,wall surface pointing
110577,with acrylic topcoat,Equipment,General,kg,261.46,261.46,261.46,261.46,1,KES,38.74,0.1482,44,44,建筑工程,"painting, coating and wallpapering works",timber handrail and other items slab strips and mouldings paint,timber handrail paint
010002,reinforcing steel 10 beyond,Material,Steel & Metal,kg,49.73,49.73,49.73,49.73,1,KES,42272.2,850.0543,43,43,建筑工程,ground treatment and slope support,foundation pit,()
110039,gypsum,Material,General,kg,7.69,7.69,7.69,7.69,1,KES,3.64,0.4737,43,43,建筑工程,"wall and column finishes, partitions and curtain walls",column (beam) facing,finished product decorative column
110064,stone,Material,General,kg,10.51,10.51,10.51,10.51,1,KES,21.69,2.0635,43,43,建筑工程,Thermal insulation and anti-corrosion works,anti-corrosion finish layer,anti-corrosion concrete finish layer
090820,expansion bolt M8×100,Material,Fasteners,pcs,27.94,27.94,27.94,27.94,1,KES,197.47,7.0675,43,43,建筑工程,door and window works,metal door,
110563,nitrocellulose clear sealer primer,Material,Paint & Coatings,kg,247.36,247.36,247.36,247.36,1,KES,6.88,0.0278,42,42,建筑工程,"painting, coating and wallpapering works",timber handrail and other items slab strips and mouldings paint,timber handrail paint
110574,acrylic polyurethane topcoat,Material,General,kg,301.19,301.19,301.19,301.19,1,KES,41.39,0.1374,42,42,建筑工程,"painting, coating and wallpapering works",timber handrail and other items slab strips and mouldings paint,timber handrail paint
850020,ML9001A,Equipment,General,machine-shift,803.48,803.48,803.48,803.48,1,KES,443.73,0.5523,42,42,建筑工程,General installation works - Vol.5 Building intelligence systems,installation,"dry moulding installation, single"
090118,galvanized with bolt 6×(16 25),Material,Fasteners,set,1.28,1.28,1.28,1.28,1,KES,8.97,6.9991,42,42,建筑工程,General installation works - Vol.5 Building intelligence systems,and installation,installation
030004,timber,Material,Wood & Timber,m3,13434.47,13434.47,13434.47,13434.47,1,KES,1044.91,0.0778,41,41,建筑工程,General installation works - Vol.7 Ventilation and air conditioning,installation,water installation
090490,galvanized 6,Material,General,pcs,1.92,1.92,1.92,1.92,1,KES,11.25,5.8516,41,41,建筑工程,General installation works - Vol.4 Electrical equipment installation,electricity installation,installation
090533,galvanized expansion bolt 10,Material,Fasteners,set,40.76,40.76,40.76,40.76,1,KES,125.17,3.0711,40,40,建筑工程,General installation works - Vol.4 Electrical equipment installation,electricity installation,electricity wall (column)
090445,stainless steel welding wire,Material,Steel & Metal,kg,1043.28,1043.28,1043.28,1043.28,1,KES,2308.6,2.2128,40,40,建筑工程,roofing and waterproofing works,Roof waterproofing and sundries,roof water
090031,galvanized 12,Material,General,pcs,2.82,2.82,2.82,2.82,1,KES,32.29,11.45,40,40,建筑工程,General installation works - Vol.4 Electrical equipment installation,height electricity installation,
810140,reinforced concrete foundation,Material,Concrete & Cement,m3,29093.93,29093.93,29093.93,29093.93,1,KES,129.27,0.0044,39,39,建筑工程,Preliminaries and site measures,vertical transport,vertical transport
110069,putty,Material,General,kg,113.56,113.56,113.56,113.56,1,KES,28.8,0.2536,39,39,建筑工程,roofing and waterproofing works,Roof waterproofing and sundries,roof coating waterproofing
010013,section steel,Material,Steel & Metal,kg,47.04,47.04,47.04,47.04,1,KES,1458.15,30.9998,38,38,建筑工程,General installation works - Vol.4 Electrical equipment installation,installation,square fabrication installation ()
400041,adhesive mortar DEA,Material,Concrete & Cement,m3,67474.84,67474.84,67474.84,67474.84,1,KES,149.41,0.0022,37,37,建筑工程,Thermal insulation and anti-corrosion works,,ceiling
400044,joint filling DTG mortar,Material,Concrete & Cement,m3,65365.21,65365.21,65365.21,65365.21,1,KES,209.79,0.0032,37,37,建筑工程,"wall and column finishes, partitions and curtain walls",wall block-facing layer,crushed stone wall surface (011204002)
030006,plywood 3mm,Material,Wood & Timber,m2,157.65,157.65,157.65,157.65,1,KES,260.4,1.6518,37,37,建筑工程,"wall and column finishes, partitions and curtain walls",wall facing,wall surface decorative slab
100025,stone adhesive slab,Material,General,kg,109.33,109.33,109.33,109.33,1,KES,179.45,1.6414,37,37,建筑工程,General installation works - Vol.6 Automation control instrumentation,installation,installation
400030,plastering mortar DP-HR,Material,Concrete & Cement,m3,6318.64,6318.64,6318.64,6318.64,1,KES,195.88,0.031,36,36,建筑工程,ground treatment and slope support,foundation pit,"spraying concrete, cement mortar"
090241,steel plate mesh,Material,Steel & Metal,m2,105.48,105.48,105.48,105.48,1,KES,108.48,1.0285,36,36,建筑工程,ground treatment and slope support,foundation pit,"spraying concrete, cement mortar"
110787,oil-based fluorocarbon paint thinner,Material,Paint & Coatings,kg,179.43,179.43,179.43,179.43,1,KES,4.49,0.025,36,36,建筑工程,"painting, coating and wallpapering works",timber handrail and other items slab strips and mouldings paint,timber handrail paint
110591,water-based acrylic paint thinner,Material,Paint & Coatings,kg,173.03,173.03,173.03,173.03,1,KES,2.14,0.0124,36,36,建筑工程,"painting, coating and wallpapering works",timber surface paint,"timber slab, fibreboard, plywood ceiling paint"
090066,galvanized nut 8,Material,Fasteners,pcs,0.9,0.9,0.9,0.9,1,KES,3.71,4.1302,36,36,建筑工程,General installation works - Vol.7 Ventilation and air conditioning,and installation,installation
850210,electricity ZX-54,Equipment,General,machine-shift,80.87,80.87,80.87,80.87,1,KES,35.55,0.4396,36,36,建筑工程,General installation works - Vol.6 Automation control instrumentation,,single
800064,150,Equipment,General,machine-shift,184.56,184.56,184.56,184.56,1,KES,4.2,0.0227,36,36,建筑工程,concrete and reinforced concrete works,iron fittings,welding steel pipe ()
800025,air compressor 10m3/min,Equipment,Compressors,machine-shift,867.69,867.69,867.69,867.69,1,KES,60.41,0.0696,36,36,建筑工程,ground treatment and slope support,foundation pit,ground wall
810005,1: 2.5 cement mortar,Material,Concrete & Cement,m3,3697.26,3650.2,3709.03,3709.03,2,KES,169.89,0.0459,35,35,建筑工程,"wall and column finishes, partitions and curtain walls",column (beam) surface plastering,decorative wall plastering
010032,ordinary steel plate 8 15,Material,Steel & Metal,kg,58.19,58.19,58.19,58.19,1,KES,577.35,9.9222,35,35,建筑工程,General installation works - Vol.4 Electrical equipment installation,installation,electricity fabrication installation
400018,C15 stone concrete,Material,Concrete & Cement,m3,4806.27,4806.27,4806.27,4806.27,1,KES,415.37,0.0864,35,35,建筑工程,roofing and waterproofing works,Roof waterproofing and sundries,roof water
850257,moulding,Equipment,General,machine-shift,494.85,494.85,494.85,494.85,1,KES,63.48,0.1283,34,34,建筑工程,General installation works - Vol.6 Automation control instrumentation,lock,
090127,galvanized with bolt 10×(85 100),Material,Fasteners,set,11.66,11.66,11.66,11.66,1,KES,74.33,6.3729,34,34,建筑工程,General installation works - Vol.4 Electrical equipment installation,installation,"frame, installation"
110159,anti-corrosion,Material,General,kg,22.81,22.81,22.81,22.81,1,KES,5.68,0.249,34,34,建筑工程,timber-structure works,timber structural,roof ()
090429,expansion bolt M8×110,Material,Fasteners,pcs,14.48,14.48,14.48,14.48,1,KES,80.1,5.5306,34,34,建筑工程,door and window works,timber window,
090494,galvanized 6,Material,General,pcs,0.26,0.26,0.26,0.26,1,KES,0.88,3.42,34,34,建筑工程,General installation works - Vol.4 Electrical equipment installation,electricity installation,installation
090119,galvanized with bolt 6×(30 50),Material,Fasteners,set,2.69,2.69,2.69,2.69,1,KES,27.8,10.3269,33,33,建筑工程,General installation works - Vol.4 Electrical equipment installation,electricity installation,installation
850195,PJN5210S,Equipment,General,machine-shift,694.41,694.41,694.41,694.41,1,KES,1383.07,1.9917,33,33,建筑工程,General installation works - Vol.6 Automation control instrumentation,"foundation (030608007, 030608008)",single
810047,cement,Material,Concrete & Cement,m3,7582.36,7582.36,7582.36,7582.36,1,KES,12.72,0.0017,32,32,建筑工程,concrete and reinforced concrete works,reinforcing steel works,anti-corrosion mortar finish layer
080230,aluminium slab 5mm,Material,General,m2,769.0,769.0,769.0,769.0,1,KES,810.31,1.0537,32,32,建筑工程,door and window works,window slab,wall surface decorative slab
091474,bolt M14,Material,Fasteners,m,128.17,128.17,128.17,128.17,1,KES,3.98,0.031,32,32,建筑工程,Preliminaries and site measures,cast-in-situ concrete formwork and brackets,beam
110228,sealant,Material,Rubber,kg,165.34,165.34,165.34,165.34,1,KES,16.4,0.0992,32,32,建筑工程,metal-structure works,"steel plate floor slab, wall slab",profile and other items roof
110549,poly paint paint,Material,Paint & Coatings,kg,292.22,292.22,292.22,292.22,1,KES,50.66,0.1734,32,32,建筑工程,"General installation works - Vol.12 Painting, anti-corrosion, thermal insulation",,poly paint
800396,air compressor 3m3/min,Equipment,Compressors,machine-shift,242.24,242.24,242.24,242.24,1,KES,7.55,0.0312,32,32,建筑工程,Piling works,bored pile,H8701 anti-corrosion coating
090297,strip,Material,General,kg,76.9,76.9,76.9,76.9,1,KES,20.07,0.261,31,31,建筑工程,General installation works - Vol.6 Automation control instrumentation,ground (water) installation,water installation
800072,electricity,Equipment,General,machine-shift,1675.14,1675.14,1675.14,1675.14,1,KES,45.98,0.0274,31,31,建筑工程,"wall and column finishes, partitions and curtain walls",curtain wall works,with framework curtain wall
110136,paint,Material,Paint & Coatings,kg,230.7,230.7,230.7,230.7,1,KES,93.91,0.4071,31,31,建筑工程,"painting, coating and wallpapering works",timber surface paint,"metal door, window paint"
150163,mesh,Material,General,m2,151.24,151.24,151.24,151.24,1,KES,2288.97,15.135,31,31,建筑工程,Preliminaries and site measures,,scaffolding
800074,bulldozer composite,Equipment,Bulldozers,machine-shift,5802.12,5802.12,5802.12,5802.12,1,KES,11.72,0.002,31,31,建筑工程,earthwork and rock works,transport,excavating general earthwork
080011,U-shaped light-gauge steel keel CB38×12,Material,Steel & Metal,m,64.08,64.08,64.08,64.08,1,KES,91.35,1.4254,30,30,建筑工程,ceiling works,ceiling suspended ceiling,ceiling keel
120170,poly 50,Material,General,m,11.66,11.66,11.66,11.66,1,KES,0.93,0.08,30,30,建筑工程,roofing and waterproofing works,"basement and floor waterproofing, moisture-proofing",floor membrane waterproofing
040207,bonding standard brick,Material,General,pcs,7.43,7.43,7.43,7.43,1,KES,1915.52,257.681,30,30,建筑工程,Masonry works,"water, water works",pit
800560,spray machine,Equipment,General,machine-shift,951.0,951.0,951.0,951.0,1,KES,61.31,0.0645,30,30,建筑工程,"General installation works - Vol.12 Painting, anti-corrosion, thermal insulation",,spraying coating type anti-corrosion
280554,moulding (composite),Material,General,m,25.63,25.63,25.63,25.63,1,KES,6.3,0.2459,30,30,建筑工程,General installation works - Vol.6 Automation control instrumentation,,
110281,phenolic,Material,General,kg,274.28,274.28,274.28,274.28,1,KES,70.76,0.258,30,30,建筑工程,"General installation works - Vol.12 Painting, anti-corrosion, thermal insulation",,phenolic paint
110002,alkyd thinner,Material,General,kg,149.96,149.96,149.96,149.96,1,KES,7.21,0.0481,30,30,建筑工程,"painting, coating and wallpapering works",paint on plastered surface,paint on plastered surface
060062,metal facing tile,Material,Steel & Metal,m2,1025.34,1025.34,1025.34,1025.34,1,KES,1063.5,1.0372,30,30,建筑工程,"wall and column finishes, partitions and curtain walls",wall block-facing layer,block facing wall surface
080017,U-shaped light-gauge steel keel CB38-L,Material,Steel & Metal,pcs,18.46,18.46,18.46,18.46,1,KES,4.59,0.2486,30,30,建筑工程,ceiling works,ceiling suspended ceiling,ceiling keel
110590,water-based acrylic paint,Material,Paint & Coatings,kg,224.29,224.29,224.29,224.29,1,KES,28.45,0.1268,30,30,建筑工程,"painting, coating and wallpapering works",timber surface paint,"timber slab, fibreboard, plywood ceiling paint"
400033,brushing gypsum plastering mortar DP-G,Material,Concrete & Cement,m3,5895.69,5895.69,5895.69,5895.69,1,KES,27.05,0.0046,30,30,建筑工程,"wall and column finishes, partitions and curtain walls",column (beam) surface plastering,beam and column surface general plastering
400012,C20 stone concrete,Material,Concrete & Cement,m3,4998.52,4998.52,4998.52,4998.52,1,KES,65.98,0.0132,30,30,建筑工程,Masonry works,block masonry,levelling layer
110244,water glass,Material,Glass,kg,10.38,10.38,10.38,10.38,1,KES,36.39,3.5049,30,30,建筑工程,ground treatment and slope support,anti-corrosion finish layer,block facing anti-corrosion finish layer
080032,U-shaped light-gauge steel keel CB38-1,Material,Steel & Metal,pcs,12.05,12.05,12.05,12.05,1,KES,17.06,1.4164,30,30,建筑工程,ceiling works,ceiling suspended ceiling,ceiling keel
110550,poly paint topcoat,Material,Paint & Coatings,kg,307.6,307.6,307.6,307.6,1,KES,42.29,0.1375,29,29,建筑工程,"General installation works - Vol.12 Painting, anti-corrosion, thermal insulation",,poly paint
090124,galvanized with bolt 10×(20 35),Material,Fasteners,set,5.64,5.64,5.64,5.64,1,KES,24.24,4.2992,29,29,建筑工程,General installation works - Vol.4 Electrical equipment installation,height installation,electricity fabrication installation
090260,nail,Material,Fasteners,kg,89.72,89.72,89.72,89.72,1,KES,47.27,0.5269,29,29,建筑工程,concrete and reinforced concrete works,cast-in-situ concrete structural,
110205,water-based primer (ordinary),Material,Paint & Coatings,kg,85.87,85.87,85.87,85.87,1,KES,11.78,0.1371,29,29,建筑工程,"painting, coating and wallpapering works",spray and brush coating,wall surface finish layer coating
130100,EPS board,Material,Wood & Timber,m3,5511.18,5511.18,5511.18,5511.18,1,KES,738.5,0.134,29,29,建筑工程,Masonry works,blinding layer,roof ()
110548,poly paint primer,Material,Paint & Coatings,kg,267.87,267.87,267.87,267.87,1,KES,49.77,0.1858,29,29,建筑工程,"General installation works - Vol.12 Painting, anti-corrosion, thermal insulation",,poly paint
090165,galvanized expansion bolt 12,Material,Fasteners,set,48.19,48.19,48.19,48.19,1,KES,95.07,1.9727,29,29,建筑工程,General installation works - Vol.7 Ventilation and air conditioning,column additional,"steel plate rectangular installation (1.2mm within, )"
800289,dump truck 15t,Equipment,Trucks,machine-shift,6830.02,6830.02,6830.02,6830.02,1,KES,63.94,0.0094,28,28,建筑工程,earthwork and rock works,transport,excavating general earthwork
850005,ground electricity GCT,Equipment,General,machine-shift,134.58,134.58,134.58,134.58,1,KES,29.58,0.2198,28,28,建筑工程,General installation works - Vol.4 Electrical equipment installation,ground,
800028,ordinary 400,Equipment,General,machine-shift,1344.47,1344.47,1344.47,1344.47,1,KES,126.94,0.0944,28,28,建筑工程,General installation works - Vol.7 Ventilation and air conditioning,fabrication installation,waterproofing fabrication
830077,shaped steel formwork,Material,Steel & Metal,m2-day,32.68,32.68,32.68,32.68,1,KES,333.15,10.1934,28,28,建筑工程,Preliminaries and site measures,cast-in-situ concrete formwork and brackets,column
800046,cutter,Equipment,General,machine-shift,326.83,326.83,326.83,326.83,1,KES,27.82,0.0851,28,28,建筑工程,Piling works,floor tiling,wall surface decorative slab
110103,bitumen paint,Material,Paint & Coatings,kg,146.11,146.11,146.11,146.11,1,KES,13.11,0.0897,28,28,建筑工程,Piling works,moulding installation,
130095,EPS board,Material,Wood & Timber,m3,8074.53,8074.53,8074.53,8074.53,1,KES,236.4,0.0293,28,28,建筑工程,Thermal insulation and anti-corrosion works,,ceiling
810177,poly cement mortar,Material,Concrete & Cement,m3,5767.52,5767.52,5767.52,5767.52,1,KES,22.08,0.0038,28,28,建筑工程,"wall and column finishes, partitions and curtain walls",column (beam) surface plastering,beam and column surface general plastering
150061,coal,Material,General,t,9740.7,9740.7,9740.7,9740.7,1,KES,98.85,0.0101,27,27,建筑工程,"General installation works - Vol.12 Painting, anti-corrosion, thermal insulation",spraying,spraying stone
150021,timber,Material,Wood & Timber,kg,2.31,2.31,2.31,2.31,1,KES,2.14,0.9259,27,27,建筑工程,"General installation works - Vol.12 Painting, anti-corrosion, thermal insulation",spraying,spraying stone
030003,timber formwork,Material,Wood & Timber,m3,21487.21,21487.21,21487.21,21487.21,1,KES,291.97,0.0136,27,27,建筑工程,concrete and reinforced concrete works,cast-in-situ concrete structural,water stop with
800008,cargo truck 8t,Equipment,Trucks,machine-shift,3043.97,3043.97,3043.97,3043.97,1,KES,624.58,0.2052,27,27,建筑工程,General installation works - Vol.7 Ventilation and air conditioning,water,installation
100140,sandblast adhesive 40,Material,Aggregates,m,799.76,799.76,799.76,799.76,1,KES,40.05,0.0501,26,26,建筑工程,metal-structure works,metal bonding structural on-site and other items,spraying stone
090309,sandblast,Material,Aggregates,pcs,708.76,708.76,708.76,708.76,1,KES,14.55,0.0205,26,26,建筑工程,metal-structure works,metal bonding structural on-site and other items,spraying stone
150089,132 1,Material,General,box,2406.98,2406.98,2406.98,2406.98,1,KES,1023.6,0.4253,26,26,建筑工程,General installation works - Vol.5 Building intelligence systems,mesh,installation
090054,expansion bolt 6,Material,Fasteners,set,9.23,9.23,9.23,9.23,1,KES,30.21,3.2741,26,26,建筑工程,roofing and waterproofing works,Roof waterproofing and sundries,roof water
100288,adhesive slab 6,Material,General,kg,57.68,57.68,57.68,57.68,1,KES,28.47,0.4936,26,26,建筑工程,General installation works - Vol.7 Ventilation and air conditioning,installation,installation
110599,adhesive paint thinner,Material,Paint & Coatings,kg,205.07,205.07,205.07,205.07,1,KES,6.66,0.0325,26,26,建筑工程,"painting, coating and wallpapering works",metal surface paint,"metal door, window paint"
090130,galvanized with bolt 12×(65 80),Material,Fasteners,set,12.05,12.05,12.05,12.05,1,KES,57.3,4.7559,25,25,建筑工程,General installation works - Vol.4 Electrical equipment installation,height electricity installation,
090300,welding wire,Material,Welding Consumables,kg,487.03,487.03,487.03,487.03,1,KES,10.26,0.0211,25,25,建筑工程,other decoration works,"handrail, railing, decorative railing panel","metal handrail, railing, railing slab"
091525,with bolt M12×(20 100),Material,Fasteners,set,19.23,19.23,19.23,19.23,1,KES,169.95,8.84,25,25,建筑工程,General installation works - Vol.6 Automation control instrumentation,,
080012,U-shaped light-gauge steel keel CB50×20,Material,Steel & Metal,m,56.39,56.39,56.39,56.39,1,KES,253.7,4.4988,25,25,建筑工程,ceiling works,ceiling suspended ceiling,ceiling keel
840007,electricity,Material,General,kWh,12.56,12.56,12.56,12.56,1,KES,216.22,17.2141,25,25,建筑工程,site water and power charges,works,water
060027,brick,Material,General,m2,538.3,538.3,538.3,538.3,1,KES,530.83,0.9861,25,25,建筑工程,Thermal insulation and anti-corrosion works,anti-corrosion finish layer,block facing anti-corrosion finish layer
090181,galvanized nail (2 5)×(4 50),Equipment,General,pcs,0.64,0.64,0.64,0.64,1,KES,1.87,2.9176,25,25,建筑工程,General installation works - Vol.4 Electrical equipment installation,moulding installation,electricity
010029,ordinary steel plate 2.6 3.2,Material,Steel & Metal,kg,56.52,56.52,56.52,56.52,1,KES,497.36,8.7994,25,25,建筑工程,General installation works - Vol.7 Ventilation and air conditioning,wall,
091531,2,Material,General,m,15.38,15.38,15.38,15.38,1,KES,1.29,0.084,25,25,建筑工程,General installation works - Vol.6 Automation control instrumentation,,
060095,finished product stone slab 20mm,Material,General,m2,2050.67,2050.67,2050.67,2050.67,1,KES,2112.47,1.0301,24,24,建筑工程,"wall and column finishes, partitions and curtain walls",wall block-facing layer,stone slab wall surface
100376,adhesive modified bitumen waterproof coating,Material,Waterproofing,kg,96.13,96.13,96.13,96.13,1,KES,88.92,0.925,24,24,建筑工程,roofing and waterproofing works,Roof waterproofing and sundries,roof membrane waterproofing
850117,height electricity 3124,Equipment,General,machine-shift,701.07,701.07,701.07,701.07,1,KES,734.23,1.0473,24,24,建筑工程,General installation works - Vol.4 Electrical equipment installation,height electricity,height electricity
010361,welding steel pipe (composite),Material,Steel & Metal,kg,58.32,58.32,58.32,58.32,1,KES,10.54,0.1808,24,24,建筑工程,Preliminaries and site measures,"water, water works",pit
110188,ZL poly,Material,General,m3,6664.69,6664.69,6664.69,6664.69,1,KES,140.76,0.0211,24,24,建筑工程,Thermal insulation and anti-corrosion works,,ceiling
130037,ZL adhesive,Material,General,kg,20.51,20.51,20.51,20.51,1,KES,5.27,0.2569,24,24,建筑工程,Thermal insulation and anti-corrosion works,,ceiling
091526,with bolt M10×(20 50),Material,Fasteners,set,11.54,11.54,11.54,11.54,1,KES,75.12,6.5123,24,24,建筑工程,General installation works - Vol.6 Automation control instrumentation,,
010393,stainless steel,Material,Steel & Metal,kg,320.42,320.42,320.42,320.42,1,KES,232.33,0.7251,24,24,建筑工程,"wall and column finishes, partitions and curtain walls",partition,metal partition
810132,brushing gypsum mortar 1: 2,Material,Concrete & Cement,m3,10375.77,10375.77,10375.77,10375.77,1,KES,32.35,0.0031,24,24,建筑工程,"wall and column finishes, partitions and curtain walls",column (beam) surface plastering,beam and column surface general plastering
110003,alkyd anti-rust paint,Material,Paint & Coatings,kg,210.19,210.19,210.19,210.19,1,KES,40.36,0.192,24,24,建筑工程,roofing and waterproofing works,Roof waterproofing and sundries,roof ()
850204,PASHEN,Equipment,General,machine-shift,85.36,85.36,85.36,85.36,1,KES,302.24,3.5408,24,24,建筑工程,General installation works - Vol.6 Automation control instrumentation,"foundation (030608007, 030608008)",(DCS)
850019,GX12M1,Equipment,General,machine-shift,97.92,97.92,97.92,97.92,1,KES,62.31,0.6364,23,23,建筑工程,General installation works - Vol.5 Building intelligence systems,installation,
080019,U-shaped light-gauge steel keel CB60-L,Material,Steel & Metal,pcs,10.25,10.25,10.25,10.25,1,KES,10.73,1.0464,23,23,建筑工程,ceiling works,ceiling suspended ceiling,ceiling keel
110215,bonding structural adhesive,Material,General,kg,560.09,560.09,560.09,560.09,1,KES,95.29,0.1701,23,23,建筑工程,concrete and reinforced concrete works,iron fittings,profile and other items roof
080748,30×30 aluminium slab,Material,General,pcs,6.41,6.41,6.41,6.41,1,KES,51.3,8.0057,23,23,建筑工程,"wall and column finishes, partitions and curtain walls",wall facing,wall surface decorative slab
800144,flat plate vibrator,Equipment,General,machine-shift,17.05,17.05,17.05,17.05,1,KES,0.2,0.0118,23,23,建筑工程,Masonry works,blinding layer,levelling layer
850134,DM3-802H,Equipment,General,machine-shift,121.12,121.12,121.12,121.12,1,KES,222.41,1.8363,23,23,建筑工程,General installation works - Vol.4 Electrical equipment installation,height electricity,electricity
110219,bonding structural sealant,Material,Rubber,kg,615.2,615.2,615.2,615.2,1,KES,445.86,0.7247,23,23,建筑工程,"wall and column finishes, partitions and curtain walls",wall facing,wall surface decorative slab
090128,galvanized with bolt 12×(20 35),Material,Fasteners,set,8.72,8.72,8.72,8.72,1,KES,41.79,4.795,23,23,建筑工程,General installation works - Vol.7 Ventilation and air conditioning,installation,installation
110207,water-based (layer) coating,Material,Water,kg,410.13,410.13,410.13,410.13,1,KES,103.17,0.2515,23,23,建筑工程,"painting, coating and wallpapering works",spray and brush coating,wall surface finish layer coating
080015,U-shaped light-gauge steel keel CS60×27,Material,Steel & Metal,m,151.24,151.24,151.24,151.24,1,KES,416.73,2.7555,23,23,建筑工程,ceiling works,ceiling suspended ceiling,ceiling keel
110170,coal,Material,General,kg,108.17,108.17,108.17,108.17,1,KES,567.84,5.2493,22,22,建筑工程,floor finishing works,wall facing,wall surface decorative slab
090492,galvanized 16,Material,General,pcs,4.61,4.61,4.61,4.61,1,KES,65.03,14.0945,22,22,建筑工程,General installation works - Vol.4 Electrical equipment installation,type electricity installation,installation
110220,water putty,Material,Water,kg,18.2,18.2,18.2,18.2,1,KES,24.81,1.3631,22,22,建筑工程,"painting, coating and wallpapering works",timber surface paint,"timber wall, timber wall paint"
080285,keel,Material,General,kg,358.87,358.87,358.87,358.87,1,KES,4178.36,11.6432,22,22,建筑工程,"wall and column finishes, partitions and curtain walls",curtain wall works,with framework curtain wall
080279,aluminium profile,Material,General,kg,358.87,358.87,358.87,358.87,1,KES,790.64,2.2032,22,22,建筑工程,"wall and column finishes, partitions and curtain walls",curtain wall works,glass curtain wall
010152,I-beam steel,Material,Steel & Metal,kg,61.52,61.52,61.52,61.52,1,KES,1819.59,29.5771,22,22,建筑工程,ground treatment and slope support,foundation pit,()
080288,keel,Material,General,kg,358.87,358.87,358.87,358.87,1,KES,2592.0,7.2227,22,22,建筑工程,"wall and column finishes, partitions and curtain walls",curtain wall works,with framework curtain wall
800596,16-300mm,Equipment,General,machine-shift,457.43,457.43,457.43,457.43,1,KES,45.74,0.1,22,22,建筑工程,General installation works - Vol.5 Building intelligence systems,installation,installation
460104,A4,Material,General,Package,384.5,384.5,384.5,384.5,1,KES,32.54,0.0846,22,22,建筑工程,General installation works - Vol.5 Building intelligence systems,mesh,installation
110022,phenolic ready-mixed paint,Material,Paint & Coatings,kg,208.91,208.91,208.91,208.91,1,KES,29.76,0.1425,22,22,建筑工程,"General installation works - Vol.12 Painting, anti-corrosion, thermal insulation",rectangular brushing,water slab
010020,channel steel 16 within,Material,Steel & Metal,kg,47.93,47.93,47.93,47.93,1,KES,526.69,10.9877,21,21,建筑工程,concrete and reinforced concrete works,reinforcing steel works,glass partition
110023,phenolic varnish,Material,Paint & Coatings,kg,162.77,162.77,162.77,162.77,1,KES,9.98,0.0613,21,21,建筑工程,"painting, coating and wallpapering works",timber surface paint,timber ground slab paint
850116,YDQ,Equipment,General,machine-shift,246.08,246.08,246.08,246.08,1,KES,177.21,0.7201,21,21,建筑工程,General installation works - Vol.4 Electrical equipment installation,electricity,electricity single
850203,2656,Equipment,General,machine-shift,1170.04,1170.04,1170.04,1170.04,1,KES,1867.82,1.5964,21,21,建筑工程,General installation works - Vol.6 Automation control instrumentation,"foundation (030608007, 030608008)",(DCS)
850006,ND2,Equipment,General,machine-shift,92.41,92.41,92.41,92.41,1,KES,98.57,1.0667,21,21,建筑工程,General installation works - Vol.5 Building intelligence systems,installation,electricity
030124,plywood 9mm,Material,Wood & Timber,m2,320.42,320.42,320.42,320.42,1,KES,731.0,2.2814,21,21,建筑工程,"wall and column finishes, partitions and curtain walls",column (beam) facing,column (beam) surface decorative
850088,electricity ST9040,Equipment,General,machine-shift,876.66,876.66,876.66,876.66,1,KES,2351.96,2.6829,21,21,建筑工程,General installation works - Vol.4 Electrical equipment installation,height electricity,height electricity
010028,ordinary steel plate 2 2.5,Material,Steel & Metal,kg,69.59,69.59,69.59,69.59,1,KES,326.9,4.6972,21,21,建筑工程,roofing and waterproofing works,installation,profile and other items roof
850017,KSG-4110,Equipment,General,machine-shift,381.81,381.81,381.81,381.81,1,KES,234.7,0.6147,21,21,建筑工程,General installation works - Vol.11 Communication equipment and lines,moulding,
850015,height XB30,Equipment,General,machine-shift,42.17,42.17,42.17,42.17,1,KES,49.66,1.1778,21,21,建筑工程,General installation works - Vol.11 Communication equipment and lines,moulding,
040095,stone,Material,General,m3,2435.17,2435.17,2435.17,2435.17,1,KES,113.72,0.0467,21,21,建筑工程,metal-structure works,metal bonding structural on-site and other items,spraying stone
090331,hinge,Material,General,pcs,64.08,64.08,64.08,64.08,1,KES,125.25,1.9544,21,21,建筑工程,door and window works,Roof waterproofing and sundries,roof ()
080056,keel TL23×23,Material,General,m,102.28,102.28,102.28,102.28,1,KES,72.28,0.7067,20,20,建筑工程,ceiling works,ceiling suspended ceiling,ceiling keel
110263,stone coating,Material,General,kg,108.94,108.94,108.94,108.94,1,KES,437.14,4.0126,20,20,建筑工程,"painting, coating and wallpapering works",paint on plastered surface,paint on plastered surface
110212,putty,Material,General,kg,38.45,38.45,38.45,38.45,1,KES,12.91,0.3359,20,20,建筑工程,"painting, coating and wallpapering works",paint on plastered surface,full skim-coat of putty
800486,air compressor 3m3/min,Equipment,Compressors,machine-shift,242.24,242.24,242.24,242.24,1,KES,7.76,0.032,20,20,建筑工程,roofing and waterproofing works,Roof waterproofing and sundries,roof coating waterproofing
110614,water-based polyurethane primer,Material,Paint & Coatings,kg,230.7,230.7,230.7,230.7,1,KES,24.77,0.1074,20,20,建筑工程,"painting, coating and wallpapering works",timber surface paint,"metal door, window paint"
280121,10,Material,General,pcs,62.03,62.03,62.03,62.03,1,KES,121.2,1.9539,20,20,建筑工程,General installation works - Vol.4 Electrical equipment installation,installation,installation
110173,petrol 60 70,Material,General,kg,96.89,96.89,96.89,96.89,1,KES,48.2,0.4975,20,20,建筑工程,General installation works - Vol.4 Electrical equipment installation,installation,
800135,crawler crane 15t,Equipment,Cranes,machine-shift,6627.52,6627.52,6627.52,6627.52,1,KES,3514.79,0.5303,20,20,建筑工程,ground treatment and slope support,foundation pit,ground wall
110028,primer,Material,Paint & Coatings,kg,226.86,226.86,226.86,226.86,1,KES,43.79,0.193,20,20,建筑工程,Thermal insulation and anti-corrosion works,anti-corrosion,anti-corrosion coating
110027,enamel,Material,Paint & Coatings,kg,320.42,320.42,320.42,320.42,1,KES,109.5,0.3417,20,20,建筑工程,Thermal insulation and anti-corrosion works,anti-corrosion,anti-corrosion coating
090354,aluminium alloy beading,Material,General,m,65.24,65.24,65.24,65.24,1,KES,195.68,2.9995,20,20,建筑工程,roofing and waterproofing works,"wall surface waterproofing, moisture-proofing",slab roof
280343,moulding 1.0 2.5,Material,General,pcs,9.36,9.36,9.36,9.36,1,KES,39.41,4.2122,20,20,建筑工程,General installation works - Vol.9 Fire protection,"installation (030904004, 030904005)",
080022,U-shaped light-gauge steel keel CB50-3,Material,Steel & Metal,pcs,5.25,5.25,5.25,5.25,1,KES,12.04,2.2913,19,19,建筑工程,ceiling works,ceiling suspended ceiling,ceiling keel
800806,1.5kW,Equipment,General,machine-shift,174.44,174.44,174.44,174.44,1,KES,105.53,0.605,19,19,建筑工程,General installation works - Vol.5 Building intelligence systems,,installation
010022,galvanized angle steel,Material,Steel & Metal,kg,66.9,66.9,66.9,66.9,1,KES,2489.46,37.2098,19,19,建筑工程,concrete and reinforced concrete works,structural,ceiling keel
800561,polyurethane 3-5kg/min,Equipment,General,machine-shift,656.22,656.22,656.22,656.22,1,KES,4.04,0.0062,19,19,建筑工程,roofing and waterproofing works,Roof waterproofing and sundries,roof membrane waterproofing
110031,varnish,Material,Paint & Coatings,kg,230.7,230.7,230.7,230.7,1,KES,39.15,0.1697,19,19,建筑工程,Thermal insulation and anti-corrosion works,anti-corrosion,anti-corrosion coating
010058,galvanized steel pipe 50,Material,Steel & Metal,m,316.57,316.57,316.57,316.57,1,KES,236.85,0.7482,19,19,建筑工程,General installation works - Vol.4 Electrical equipment installation,"wall, and brushing coating",electricity fabrication installation
090460,stainless steel nail 4,Material,Steel & Metal,pcs,1.67,1.67,1.67,1.67,1,KES,8.62,5.1757,19,19,建筑工程,"wall and column finishes, partitions and curtain walls",column (beam) surface tiling block facing,stone slab column surface
090108,with bolt 16×(65 80),Material,Fasteners,set,16.15,16.15,16.15,16.15,1,KES,1134.58,70.2568,19,19,建筑工程,"General installation works - Vol.10 Water supply, drainage, heating, gas",fabrication installation,waterproofing fabrication
800075,earth excavation composite,Equipment,General,machine-shift,11433.79,11433.79,11433.79,11433.79,1,KES,72.99,0.0064,19,19,建筑工程,earthwork and rock works,transport,excavating general earthwork
110206,layer coating (spraying coating type),Material,General,kg,320.42,320.42,320.42,320.42,1,KES,540.7,1.6875,19,19,建筑工程,"painting, coating and wallpapering works",spray and brush coating,wall surface finish layer coating
110208,water-based topcoat (type),Material,Water,kg,358.87,358.87,358.87,358.87,1,KES,83.98,0.234,19,19,建筑工程,"painting, coating and wallpapering works",spray and brush coating,wall surface finish layer coating
400059,masonry mortar DM7.5-MR,Material,Concrete & Cement,m3,7666.95,7666.95,7666.95,7666.95,1,KES,1100.46,0.1435,19,19,建筑工程,Masonry works,block masonry,
110660,polyurethane,Material,General,m3,230.7,230.7,230.7,230.7,1,KES,369.9,1.6034,19,19,建筑工程,roofing and waterproofing works,Roof waterproofing and sundries,roof membrane waterproofing
080040,U-shaped light-gauge steel keel CS60-1,Material,Steel & Metal,pcs,29.99,29.99,29.99,29.99,1,KES,75.03,2.5017,19,19,建筑工程,ceiling works,ceiling suspended ceiling,ceiling keel
850115,height,Equipment,General,machine-shift,161.49,161.49,161.49,161.49,1,KES,120.04,0.7433,19,19,建筑工程,General installation works - Vol.4 Electrical equipment installation,electricity,electricity single
850261,7,Equipment,General,machine-shift,60.37,60.37,60.37,60.37,1,KES,36.66,0.6073,19,19,建筑工程,General installation works - Vol.5 Building intelligence systems,,installation
090498,galvanized 16,Material,General,pcs,0.9,0.9,0.9,0.9,1,KES,6.47,7.2126,19,19,建筑工程,General installation works - Vol.4 Electrical equipment installation,type electricity installation,installation
350301,moulding ZR-RVS-2×1.5,Material,General,m,46.78,46.78,46.78,46.78,1,KES,14.04,0.3,19,19,建筑工程,General installation works - Vol.9 Fire protection,"installation (030904004, 030904005)",
110146,gypsum adhesive,Material,General,kg,13.2,13.2,13.2,13.2,1,KES,6.23,0.4717,19,19,建筑工程,"wall and column finishes, partitions and curtain walls",wall facing,wall surface decorative slab
090466,stainless steel slab 4mm,Material,Steel & Metal,pcs,52.04,52.04,52.04,52.04,1,KES,270.05,5.1898,19,19,建筑工程,"wall and column finishes, partitions and curtain walls",column (beam) surface tiling block facing,stone slab column surface
110509,acrylic polyurethane metal paint (double),Material,Steel & Metal,kg,640.84,640.84,640.84,640.84,1,KES,283.36,0.4422,18,18,建筑工程,"painting, coating and wallpapering works",timber surface paint,glass wall paint
110609,acrylic polyurethane paint,Material,Paint & Coatings,kg,237.11,237.11,237.11,237.11,1,KES,75.85,0.3199,18,18,建筑工程,"painting, coating and wallpapering works",timber surface paint,glass wall paint
110613,varnish,Material,Paint & Coatings,kg,358.87,358.87,358.87,358.87,1,KES,67.9,0.1892,18,18,建筑工程,"painting, coating and wallpapering works",timber surface paint,glass wall paint
080761,lock type aluminium alloy surface slab (joint width 200mm within),Material,General,m,961.25,961.25,961.25,961.25,1,KES,970.87,1.01,18,18,建筑工程,roofing and waterproofing works,movement joint,wall surface movement joint
110771,acrylic polyurethane paint thinner,Material,Paint & Coatings,kg,106.64,106.64,106.64,106.64,1,KES,2.17,0.0204,18,18,建筑工程,"painting, coating and wallpapering works",timber surface paint,glass wall paint
800226,truck crane 16t,Equipment,Cranes,machine-shift,9461.29,9461.29,9461.29,9461.29,1,KES,4486.55,0.4742,18,18,建筑工程,concrete and reinforced concrete works,reinforcing steel works,installation
050008,tempered glass (curved) 10mm,Material,Glass,m2,4037.26,4037.26,4037.26,4037.26,1,KES,3431.67,0.85,18,18,建筑工程,other decoration works,"handrail, railing, decorative railing panel",frame
810006,1:3 cement mortar,Material,Concrete & Cement,m3,3484.99,3484.99,3484.99,3484.99,1,KES,44.23,0.0127,18,18,建筑工程,"wall and column finishes, partitions and curtain walls",column (beam) surface plastering,vertical surface mortar levelling layer
080760,lock type aluminium alloy surface slab (joint width 100mm within),Material,General,m,871.54,871.54,871.54,871.54,1,KES,880.25,1.01,18,18,建筑工程,roofing and waterproofing works,movement joint,wall surface movement joint
130036,poly slab,Material,General,m3,7561.86,7561.86,7561.86,7561.86,1,KES,381.12,0.0504,18,18,建筑工程,concrete and reinforced concrete works,reinforcing steel works,profile and other items roof
800146,electricity sander,Equipment,General,machine-shift,91.77,91.77,91.77,91.77,1,KES,6.81,0.0742,18,18,建筑工程,roofing and waterproofing works,"wall surface waterproofing, moisture-proofing",wall surface coating waterproofing
100287,aluminium profile surface,Material,General,m2,1281.67,1281.67,1281.67,1281.67,1,KES,1505.96,1.175,18,18,建筑工程,"wall and column finishes, partitions and curtain walls",curtain wall works,glass curtain wall
390171,no concrete pit 400mm,Material,Concrete & Cement,m,384.5,384.5,384.5,384.5,1,KES,238.48,0.6202,18,18,建筑工程,Preliminaries and site measures,"water, water works",pit
040209,stone,Material,General,kg,0.77,0.77,0.77,0.77,1,KES,85.02,110.556,18,18,建筑工程,Preliminaries and site measures,"water, water works",pit
080762,lock type aluminium alloy surface slab (joint width 200mm beyond),Material,General,m,1076.6,1076.6,1076.6,1076.6,1,KES,1087.37,1.01,18,18,建筑工程,roofing and waterproofing works,movement joint,wall surface movement joint
400055,masonry mortar DM7.5-HR,Material,Concrete & Cement,m3,8434.68,8434.68,8434.68,8434.68,1,KES,1450.4,0.172,18,18,建筑工程,Masonry works,,
080758,"wall, floor, ceiling aluminium alloy slab (joint width 200mm within)",Material,General,m,1691.81,1691.81,1691.81,1691.81,1,KES,1708.72,1.01,18,18,建筑工程,roofing and waterproofing works,movement joint,wall surface movement joint
080759,"wall, floor, ceiling aluminium alloy slab (joint width 200mm beyond)",Material,General,m,1858.42,1858.42,1858.42,1858.42,1,KES,1877.01,1.01,18,18,建筑工程,roofing and waterproofing works,movement joint,wall surface movement joint
010389,section steel slab 0.6mm,Material,Steel & Metal,m2,538.3,538.3,538.3,538.3,1,KES,757.81,1.4078,18,18,建筑工程,metal-structure works,"steel plate floor slab, wall slab",profile and other items roof
080757,"wall, floor, ceiling aluminium alloy slab (joint width 100mm within)",Material,General,m,1563.64,1563.64,1563.64,1563.64,1,KES,1579.27,1.01,18,18,建筑工程,roofing and waterproofing works,movement joint,wall surface movement joint
400007,C20 ready-mixed concrete,Material,Concrete & Cement,m3,4806.27,4806.27,4806.27,4806.27,1,KES,3127.4,0.6507,18,18,建筑工程,concrete and reinforced concrete works,cast-in-situ concrete structural,
080282,curtain wall,Material,General,set,2819.68,2819.68,2819.68,2819.68,1,KES,986.89,0.35,18,18,建筑工程,"wall and column finishes, partitions and curtain walls",curtain wall works,glass curtain wall
090688,expansion bolt M8×80,Material,Fasteners,set,21.53,21.53,21.53,21.53,1,KES,772.83,35.892,18,18,建筑工程,"wall and column finishes, partitions and curtain walls",wall block-facing layer,stone slab wall surface
110095,poly,Material,General,kg,83.31,83.31,83.31,83.31,1,KES,87.98,1.0561,18,18,建筑工程,"wall and column finishes, partitions and curtain walls",wall facing,wall surface decorative slab
010027,ordinary steel plate 1.6 1.9,Material,Steel & Metal,kg,69.59,69.59,69.59,69.59,1,KES,35.43,0.5091,18,18,建筑工程,"General installation works - Vol.10 Water supply, drainage, heating, gas",,
110139,electricity composite,Material,General,kg,256.33,256.33,256.33,256.33,1,KES,42.72,0.1667,18,18,建筑工程,General installation works - Vol.4 Electrical equipment installation,height installation,
850184,mesh mesh,Equipment,General,machine-shift,5182.05,5182.05,5182.05,5182.05,1,KES,5791.7,1.1176,18,18,建筑工程,General installation works - Vol.11 Communication equipment and lines,(mesh) single (DTU NTU),
020201,cement 42.5,Material,Concrete & Cement,kg,7.43,7.43,7.43,7.43,1,KES,1692.99,227.7453,18,18,建筑工程,ground treatment and slope support,foundation pit,section steel pile
040027,"crushed stone, rubble stone",Material,Aggregates,m3,1208.62,1208.62,1208.62,1208.62,1,KES,583.07,0.4824,17,17,建筑工程,ground treatment and slope support,blinding layer,
850018,SD2460,Equipment,General,machine-shift,155.98,155.98,155.98,155.98,1,KES,209.01,1.34,17,17,建筑工程,General installation works - Vol.11 Communication equipment and lines,GSM,
800157,winch (single) 1t within,Equipment,Hoists,machine-shift,1339.35,1339.35,1339.35,1339.35,1,KES,133.93,0.1,17,17,建筑工程,General installation works - Vol.11 Communication equipment and lines,,
090261,round nail,Material,Fasteners,kg,89.72,89.72,89.72,89.72,1,KES,6.12,0.0682,17,17,建筑工程,General installation works - Vol.4 Electrical equipment installation,"wall, and brushing coating",
400008,C25 ready-mixed concrete,Material,Concrete & Cement,m3,4998.52,4998.52,4998.52,4998.52,1,KES,4648.12,0.9299,17,17,建筑工程,Piling works,bored pile,profile and other items roof
110218,moisture-proofing primer,Material,Paint & Coatings,kg,230.7,230.7,230.7,230.7,1,KES,51.52,0.2233,17,17,建筑工程,"painting, coating and wallpapering works",paint on plastered surface,full skim-coat of putty
110334,acrylic height coating,Material,General,kg,230.7,230.7,230.7,230.7,1,KES,164.84,0.7145,17,17,建筑工程,"painting, coating and wallpapering works",spray and brush coating,wall surface finish layer coating
460103,A3,Material,General,Package,833.09,833.09,833.09,833.09,1,KES,251.89,0.3024,17,17,建筑工程,General installation works - Vol.5 Building intelligence systems,,installation
110183,CY-401 adhesive,Material,General,kg,140.98,140.98,140.98,140.98,1,KES,52.85,0.3749,17,17,建筑工程,floor finishing works,finish layer,timber ground slab
110213,putty,Material,General,kg,34.61,34.61,34.61,34.61,1,KES,22.34,0.6455,17,17,建筑工程,"painting, coating and wallpapering works",paint on plastered surface,paint on plastered surface
110285,alkyd varnish,Material,Paint & Coatings,kg,219.17,219.17,219.17,219.17,1,KES,31.87,0.1454,17,17,建筑工程,"painting, coating and wallpapering works",rectangular brushing,
030109,timber strip 30×25,Material,Wood & Timber,m,57.68,57.68,57.68,57.68,1,KES,95.81,1.6612,17,17,建筑工程,roofing and waterproofing works,,
030110,timber water strip 30×20,Material,Wood & Timber,m,51.27,51.27,51.27,51.27,1,KES,83.95,1.6375,17,17,建筑工程,roofing and waterproofing works,,
091060,galvanized square steel pipe strip 25×25×1.5,Material,Steel & Metal,m,115.35,115.35,115.35,115.35,1,KES,245.12,2.125,17,17,建筑工程,roofing and waterproofing works,,
091061,galvanized square steel pipe water strip 25×25×1.5,Material,Steel & Metal,m,115.35,115.35,115.35,115.35,1,KES,147.44,1.2782,17,17,建筑工程,roofing and waterproofing works,,
010015,round bar 10 beyond,Material,General,kg,47.68,47.68,47.68,47.68,1,KES,75.08,1.5747,17,17,建筑工程,other decoration works,"handrail, railing, decorative railing panel","metal handrail, railing, railing slab"
010060,galvanized steel pipe 80,Material,Steel & Metal,m,535.74,535.74,535.74,535.74,1,KES,1046.58,1.9535,17,17,建筑工程,General installation works - Vol.4 Electrical equipment installation,"wall, and brushing coating",electricity fabrication installation
090341,stainless steel slab 1.2mm,Material,Steel & Metal,m2,4101.35,4101.35,4101.35,4101.35,1,KES,7921.59,1.9315,17,17,建筑工程,"wall and column finishes, partitions and curtain walls",column (beam) facing,column (beam) surface decorative
010061,galvanized steel pipe 100,Material,Steel & Metal,m,701.07,701.07,701.07,701.07,1,KES,691.8,0.9868,17,17,建筑工程,General installation works - Vol.4 Electrical equipment installation,"wall, and brushing coating",electricity fabrication installation
810115,C25 concrete,Material,Concrete & Cement,m3,3960.88,3960.88,3960.88,3960.88,1,KES,137.18,0.0346,16,16,建筑工程,roofing and waterproofing works,Roof waterproofing and sundries,profile and other items roof
800051,cutter 500,Equipment,General,machine-shift,127.4,127.4,127.4,127.4,1,KES,10.3,0.0808,16,16,建筑工程,metal-structure works,"steel plate floor slab, wall slab",slab roof
090585,18 galvanized steel wire mesh,Material,Steel & Metal,m2,99.33,99.33,99.33,99.33,1,KES,103.3,1.04,16,16,建筑工程,metal-structure works,metal,beam and column surface general plastering
110453,polyurethane moisture-proofing primer,Material,Paint & Coatings,kg,384.5,384.5,384.5,384.5,1,KES,44.32,0.1153,16,16,建筑工程,Thermal insulation and anti-corrosion works,,ceiling
800103,truck crane 20t,Equipment,Cranes,machine-shift,12715.46,12715.46,12715.46,12715.46,1,KES,10.17,0.0008,16,16,建筑工程,Preliminaries and site measures,cast-in-situ concrete formwork and brackets,wall
800113,8t,Equipment,General,machine-shift,2981.17,2981.17,2981.17,2981.17,1,KES,6.93,0.0023,16,16,建筑工程,Preliminaries and site measures,cast-in-situ concrete formwork and brackets,wall
010066,welding steel pipe 20,Material,Steel & Metal,m,85.23,85.23,85.23,85.23,1,KES,178.03,2.0888,16,16,建筑工程,Piling works,bored pile,welding steel pipe
080179,electricity aluminium decorative slab,Material,General,m2,1217.59,1217.59,1217.59,1217.59,1,KES,1333.26,1.095,16,16,建筑工程,"wall and column finishes, partitions and curtain walls",wall facing,wall surface decorative slab
800128,sandblast 3m3/min 5.5kW,Equipment,General,machine-shift,167.9,167.9,167.9,167.9,1,KES,14.41,0.0858,16,16,建筑工程,metal-structure works,metal bonding structural on-site and other items,spraying stone
060004,ceramic mosaic (mosaic),Material,General,m2,307.6,307.6,307.6,307.6,1,KES,329.85,1.0723,16,16,建筑工程,floor finishing works,floor tiling,block facing column surface
060044,facing tile 0.015m2 within,Material,General,m2,384.5,384.5,384.5,384.5,1,KES,378.59,0.9846,16,16,建筑工程,floor finishing works,decorative,block facing wall surface
010174,stainless steel,Material,Steel & Metal,m,904.86,904.86,904.86,904.86,1,KES,487.97,0.5393,16,16,建筑工程,floor finishing works,staircase finish layer,glass partition
030063,timber slab,Material,Wood & Timber,m2,358.87,358.87,358.87,358.87,1,KES,2312.87,6.4449,16,16,建筑工程,door and window works,door window,wall
800249,bar bender 40,Equipment,General,machine-shift,128.04,128.04,128.04,128.04,1,KES,26.44,0.2065,16,16,建筑工程,concrete and reinforced concrete works,reinforcing steel works,
400006,C15 ready-mixed concrete,Material,Concrete & Cement,m3,4614.01,4614.01,4614.01,4614.01,1,KES,474.38,0.1028,16,16,建筑工程,concrete and reinforced concrete works,cast-in-situ concrete blinding layer,foundation blinding layer
010133,galvanized,Material,General,m2,579.32,579.32,579.32,579.32,1,KES,364.79,0.6297,16,16,建筑工程,roofing and waterproofing works,Roof waterproofing and sundries,roof water
010055,galvanized steel pipe 25,Material,Steel & Metal,m,162.77,162.77,162.77,162.77,1,KES,151.89,0.9331,16,16,建筑工程,General installation works - Vol.4 Electrical equipment installation,"wall, and brushing coating",galvanized steel pipe
050003,tempered glass 12mm,Material,Glass,m2,2691.51,2691.51,2691.51,2691.51,1,KES,2166.66,0.805,16,16,建筑工程,other decoration works,"handrail, railing, decorative railing panel","metal handrail, railing, railing slab"
050045,adhesive glass,Material,Glass,m2,1794.34,1794.34,1794.34,1794.34,1,KES,1444.44,0.805,16,16,建筑工程,other decoration works,"handrail, railing, decorative railing panel","metal handrail, railing, railing slab"
050046,adhesive glass (curved),Material,Glass,m2,2819.68,2819.68,2819.68,2819.68,1,KES,2269.84,0.805,16,16,建筑工程,other decoration works,"handrail, railing, decorative railing panel","metal handrail, railing, railing slab"
100029,stone bitumen,Material,Waterproofing,kg,56.39,56.39,56.39,56.39,1,KES,343.43,6.0898,16,16,建筑工程,roofing and waterproofing works,Roof waterproofing and sundries,roof (balcony) () water
110458,fluorocarbon metal paint (double),Material,Steel & Metal,kg,1230.4,1230.4,1230.4,1230.4,1,KES,547.1,0.4446,15,15,建筑工程,"painting, coating and wallpapering works",timber surface paint,glass wall paint
800036,500A,Equipment,General,machine-shift,506.26,506.26,506.26,506.26,1,KES,763.95,1.509,15,15,建筑工程,roofing and waterproofing works,Roof waterproofing and sundries,roof membrane waterproofing
110610,fluorocarbon paint,Material,Paint & Coatings,kg,211.48,211.48,211.48,211.48,1,KES,69.32,0.3278,15,15,建筑工程,"painting, coating and wallpapering works",timber surface paint,glass wall paint
060002,floor brick 0.16m2 within,Material,General,m2,699.79,699.79,699.79,699.79,1,KES,884.54,1.264,15,15,建筑工程,floor finishing works,floor tiling,
110017,ready-mixed paint,Material,Paint & Coatings,kg,223.01,223.01,223.01,223.01,1,KES,5.34,0.024,15,15,建筑工程,"painting, coating and wallpapering works",timber surface paint,timber ground slab paint
100398,fluorocarbon metal paint thinner,Material,Steel & Metal,kg,292.22,292.22,292.22,292.22,1,KES,14.55,0.0498,15,15,建筑工程,"painting, coating and wallpapering works",timber surface paint,glass wall paint
100397,fluorocarbon paint thinner,Material,Paint & Coatings,kg,237.11,237.11,237.11,237.11,1,KES,6.47,0.0273,15,15,建筑工程,"painting, coating and wallpapering works",timber surface paint,glass wall paint
030010,slab,Material,General,m2,221.73,221.73,221.73,221.73,1,KES,242.96,1.0958,15,15,建筑工程,"wall and column finishes, partitions and curtain walls",wall facing,wall surface decorative slab
080184,paper-faced gypsum board 12mm,Material,Wood & Timber,m2,161.49,161.49,161.49,161.49,1,KES,150.72,0.9333,15,15,建筑工程,"wall and column finishes, partitions and curtain walls",wall facing,wall surface decorative slab
800642,tower crane 250T M,Equipment,Cranes,machine-shift,14366.25,14366.25,14366.25,14366.25,1,KES,160.1,0.0111,15,15,建筑工程,Preliminaries and site measures,vertical transport,vertical transport
800578,electricity works,Equipment,General,machine-shift,3551.38,3551.38,3551.38,3551.38,1,KES,7102.76,2.0,15,15,建筑工程,General installation works - Vol.11 Communication equipment and lines,no electricity,
800123,air compressor composite,Equipment,Compressors,machine-shift,2508.23,2508.23,2508.23,2508.23,1,KES,1721.48,0.6863,15,15,建筑工程,timber-structure works,timber structural,anti-corrosion coating
800641,tower crane 150T M,Equipment,Cranes,machine-shift,10063.68,10063.68,10063.68,10063.68,1,KES,179.13,0.0178,15,15,建筑工程,Preliminaries and site measures,vertical transport,vertical transport
090111,with bolt 20×(85 100),Material,Fasteners,set,32.68,32.68,32.68,32.68,1,KES,5357.33,163.92,15,15,建筑工程,"General installation works - Vol.10 Water supply, drainage, heating, gas",fabrication installation,waterproofing fabrication
110216,oil-based clear paint,Material,Paint & Coatings,kg,89.72,89.72,89.72,89.72,1,KES,37.41,0.417,15,15,建筑工程,"painting, coating and wallpapering works",spray and brush coating,wall surface finish layer coating
310048,self-adhesive adhesive with,Material,General,unit,45.76,45.76,45.76,45.76,1,KES,6.28,0.1373,15,15,建筑工程,General installation works - Vol.4 Electrical equipment installation,electricity installation,electricity embedding installation
080734,decorative aluminium slab,Material,General,m2,5383.02,5383.02,5383.02,5383.02,1,KES,5652.17,1.05,15,15,建筑工程,"wall and column finishes, partitions and curtain walls",wall facing,wall surface decorative slab
810017,1: 1: 6 composite mortar,Material,Concrete & Cement,m3,2843.0,2843.0,2843.0,2843.0,1,KES,9.42,0.0033,15,15,建筑工程,"wall and column finishes, partitions and curtain walls",column (beam) surface plastering,beam and column surface general plastering
090430,stainless steel,Material,Steel & Metal,m,258.9,258.9,258.9,258.9,1,KES,398.59,1.5396,15,15,建筑工程,door and window works,column (beam) facing,column (beam) surface decorative
090340,mirror finish stainless steel slab 0.8mm,Material,Steel & Metal,m2,3588.68,3588.68,3588.68,3588.68,1,KES,4884.73,1.3611,15,15,建筑工程,door and window works,wall facing,wall surface decorative slab
010054,galvanized steel pipe 20,Material,Steel & Metal,m,113.04,113.04,113.04,113.04,1,KES,95.07,0.841,15,15,建筑工程,General installation works - Vol.4 Electrical equipment installation,,galvanized steel pipe
150035,strip,Material,General,m,23.71,23.71,23.71,23.71,1,KES,56.44,2.3803,15,15,建筑工程,roofing and waterproofing works,Roof waterproofing and sundries,profile and other items roof
800651,electricity ordinary double (100 within),Equipment,General,machine-shift,3619.44,3619.44,3619.44,3619.44,1,KES,42.14,0.0116,15,15,建筑工程,Preliminaries and site measures,vertical transport,vertical transport
110344,polyurethane topcoat,Material,General,kg,448.58,448.58,448.58,448.58,1,KES,99.94,0.2228,14,14,建筑工程,"painting, coating and wallpapering works",metal surface paint,"metal door, window paint"
850089,electricity JBC,Equipment,General,machine-shift,463.96,463.96,463.96,463.96,1,KES,2119.99,4.5693,14,14,建筑工程,General installation works - Vol.4 Electrical equipment installation,height electricity,electricity
110065,primer,Material,Paint & Coatings,kg,406.29,406.29,406.29,406.29,1,KES,137.3,0.3379,14,14,建筑工程,"General installation works - Vol.12 Painting, anti-corrosion, thermal insulation",rectangular brushing,water slab
110775,adhesive primer,Material,Paint & Coatings,kg,438.33,438.33,438.33,438.33,1,KES,115.06,0.2625,14,14,建筑工程,"painting, coating and wallpapering works",metal surface paint,"metal door, window paint"
170653,water 1.5,Material,Water,m,76.9,76.9,76.9,76.9,1,KES,69.36,0.9019,14,14,建筑工程,Preliminaries and site measures,"water, water works",pit
380095,steel pipe pit 370mm5mm thickness,Material,Steel & Metal,m,4101.35,4101.35,4101.35,4101.35,1,KES,32.64,0.008,14,14,建筑工程,Preliminaries and site measures,"water, water works",pit
810141,poly adhesive,Material,General,m3,395267.27,395267.27,395267.27,395267.27,1,KES,1485.08,0.0038,14,14,建筑工程,Thermal insulation and anti-corrosion works,anti-corrosion finish layer,anti-corrosion adhesive finish layer
810100,double A type poly adhesive,Material,General,m3,391445.33,391445.33,391445.33,391445.33,1,KES,1470.72,0.0038,14,14,建筑工程,Thermal insulation and anti-corrosion works,anti-corrosion finish layer,anti-corrosion adhesive finish layer
110595,"thickness type, glass coating paint thinner",Material,Paint & Coatings,kg,320.42,320.42,320.42,320.42,1,KES,4.62,0.0144,14,14,建筑工程,"painting, coating and wallpapering works",metal surface paint,"metal door, window paint"
110597,type coating paint thinner,Material,Paint & Coatings,kg,333.23,333.23,333.23,333.23,1,KES,3.85,0.0116,14,14,建筑工程,"painting, coating and wallpapering works",metal surface paint,"metal door, window paint"
110259,coating coating,Material,General,kg,128.17,128.17,128.17,128.17,1,KES,13.99,0.1091,14,14,建筑工程,"painting, coating and wallpapering works",spray and brush coating,wall surface finish layer coating
040058,ordinary stone,Material,General,kg,0.77,0.77,0.77,0.77,1,KES,6.44,8.3764,14,14,建筑工程,"wall and column finishes, partitions and curtain walls",Plastering,decorative wall plastering
110594,"thickness type, glass coating paint",Material,Paint & Coatings,kg,358.87,358.87,358.87,358.87,1,KES,86.6,0.2413,14,14,建筑工程,"painting, coating and wallpapering works",metal surface paint,"metal door, window paint"
110596,type coating paint,Material,Paint & Coatings,kg,346.05,346.05,346.05,346.05,1,KES,48.92,0.1414,14,14,建筑工程,"painting, coating and wallpapering works",metal surface paint,"metal door, window paint"
110598,adhesive coating paint,Material,Paint & Coatings,kg,230.7,230.7,230.7,230.7,1,KES,51.73,0.2242,14,14,建筑工程,"painting, coating and wallpapering works",metal surface paint,"metal door, window paint"
110502,adhesive topcoat,Material,General,kg,420.39,420.39,420.39,420.39,1,KES,136.42,0.3245,14,14,建筑工程,"painting, coating and wallpapering works",metal surface paint,"metal door, window paint"
110470,type acrylic wall paint (single) primer,Material,Paint & Coatings,kg,410.13,410.13,410.13,410.13,1,KES,54.56,0.133,14,14,建筑工程,"painting, coating and wallpapering works",timber surface paint,glass wall paint
110469,type acrylic wall paint (single),Material,Paint & Coatings,kg,410.13,410.13,410.13,410.13,1,KES,116.51,0.2841,14,14,建筑工程,"painting, coating and wallpapering works",timber surface paint,glass wall paint
080190,electricity aluminium 25.4×2,Material,General,m,38.32,38.32,38.32,38.32,1,KES,78.87,2.0582,14,14,建筑工程,"wall and column finishes, partitions and curtain walls",wall facing,wall surface decorative slab
130038,rock wool slab,Material,Aggregates,m3,8330.86,8330.86,8330.86,8330.86,1,KES,408.21,0.049,14,14,建筑工程,Thermal insulation and anti-corrosion works,ceiling works,ceiling
090347,stainless steel handrail 75,Material,Steel & Metal,m,1916.1,1916.1,1916.1,1916.1,1,KES,2165.19,1.13,14,14,建筑工程,other decoration works,"handrail, railing, decorative railing panel","metal handrail, railing, railing slab"
091477,bolt T18,Material,Fasteners,m,256.33,256.33,256.33,256.33,1,KES,5.65,0.022,14,14,建筑工程,Preliminaries and site measures,cast-in-situ concrete formwork and brackets,column
800609,poly spray machine,Equipment,General,machine-shift,512.67,512.67,512.67,512.67,1,KES,0.35,0.0007,14,14,建筑工程,roofing and waterproofing works,Roof waterproofing and sundries,roof coating waterproofing
090068,galvanized nut 12,Material,Fasteners,pcs,4.49,4.49,4.49,4.49,1,KES,1.82,0.4065,14,14,建筑工程,General installation works - Vol.7 Ventilation and air conditioning,,"steel plate rectangular installation (1.2mm within, )"
060028,marble stone,Material,General,m2,115.35,115.35,115.35,115.35,1,KES,121.36,1.0521,14,14,建筑工程,floor finishing works,floor tiling,crushed stone wall surface (011204002)
110471,polyurethane wall paint (double),Material,Paint & Coatings,kg,461.4,461.4,461.4,461.4,1,KES,136.98,0.2969,14,14,建筑工程,"painting, coating and wallpapering works",timber surface paint,glass wall paint
010576,section steel column (additional),Material,Steel & Metal,kg,96.13,96.13,96.13,96.13,1,KES,21.08,0.2193,14,14,建筑工程,Preliminaries and site measures,cast-in-situ concrete formwork and brackets,column
090370,handrail 75,Material,General,m,3387.46,3387.46,3387.46,3387.46,1,KES,3827.83,1.13,14,14,建筑工程,other decoration works,"handrail, railing, decorative railing panel","metal handrail, railing, railing slab"
010070,welding steel pipe 50,Material,Steel & Metal,m,244.8,244.8,244.8,244.8,1,KES,224.62,0.9176,14,14,建筑工程,roofing and waterproofing works,Roof waterproofing and sundries,roof ()
100097,poly,Material,General,m2,26.4,26.4,26.4,26.4,1,KES,36.8,1.3938,14,14,建筑工程,roofing and waterproofing works,Roof waterproofing and sundries,roof coating waterproofing
100262,poly waterproof coating,Material,Waterproofing,kg,833.09,833.09,833.09,833.09,1,KES,1252.59,1.5036,14,14,建筑工程,roofing and waterproofing works,Roof waterproofing and sundries,roof coating waterproofing
110472,polyurethane wall paint (double) primer,Material,Paint & Coatings,kg,426.8,426.8,426.8,426.8,1,KES,56.98,0.1335,14,14,建筑工程,"painting, coating and wallpapering works",timber surface paint,glass wall paint
110261,coating surface coating,Material,General,kg,230.7,230.7,230.7,230.7,1,KES,83.59,0.3623,14,14,建筑工程,"painting, coating and wallpapering works",spray and brush coating,wall surface finish layer coating
110260,coating coating,Material,General,kg,179.43,179.43,179.43,179.43,1,KES,39.18,0.2183,14,14,建筑工程,"painting, coating and wallpapering works",spray and brush coating,wall surface finish layer coating
400032,plastering mortar DP-LR,Material,Concrete & Cement,m3,6100.75,6100.75,6100.75,6100.75,1,KES,18.91,0.0031,14,14,建筑工程,"wall and column finishes, partitions and curtain walls",column (beam) surface plastering,wall surface pointing
800208,18m3/min,Equipment,General,machine-shift,249.93,249.93,249.93,249.93,1,KES,20.01,0.0801,14,14,建筑工程,"General installation works - Vol.12 Painting, anti-corrosion, thermal insulation",spraying,spraying stone
091169,galvanized steel wire 8,Material,Steel & Metal,kg,85.87,85.87,85.87,85.87,1,KES,172.4,2.0076,13,13,建筑工程,General installation works - Vol.11 Communication equipment and lines,pile,water pile
090920,concrete nail,Material,Concrete & Cement,pcs,66.65,66.65,66.65,66.65,1,KES,302.58,4.54,13,13,建筑工程,roofing and waterproofing works,,
110770,ordinary acrylic paint thinner,Material,Paint & Coatings,kg,99.97,99.97,99.97,99.97,1,KES,2.1,0.021,13,13,建筑工程,"painting, coating and wallpapering works",timber surface paint,glass wall paint
110466,ordinary acrylic metal paint (single),Material,Steel & Metal,kg,453.71,453.71,453.71,453.71,1,KES,168.13,0.3706,13,13,建筑工程,"painting, coating and wallpapering works",timber surface paint,glass wall paint
110608,ordinary acrylic paint,Material,Paint & Coatings,kg,185.84,185.84,185.84,185.84,1,KES,63.43,0.3413,13,13,建筑工程,"painting, coating and wallpapering works",timber surface paint,glass wall paint
110474,fluorocarbon paint (double) primer,Material,Paint & Coatings,kg,422.95,422.95,422.95,422.95,1,KES,57.08,0.135,13,13,建筑工程,"painting, coating and wallpapering works",timber surface paint,glass wall paint
110473,fluorocarbon paint (double),Material,Paint & Coatings,kg,384.5,384.5,384.5,384.5,1,KES,77.16,0.2007,13,13,建筑工程,"painting, coating and wallpapering works",timber surface paint,glass wall paint
110229,adhesive,Material,General,kg,192.25,192.25,192.25,192.25,1,KES,12.42,0.0646,13,13,建筑工程,"painting, coating and wallpapering works",,
110480,no primer thinner,Equipment,General,kg,229.42,229.42,229.42,229.42,1,KES,24.72,0.1078,13,13,建筑工程,"painting, coating and wallpapering works",metal surface paint,"metal door, window paint"
110492,no primer,Equipment,General,kg,388.35,388.35,388.35,388.35,1,KES,87.09,0.2242,13,13,建筑工程,"painting, coating and wallpapering works",metal surface paint,"metal door, window paint"
090467,stainless steel slab 3mm,Material,Steel & Metal,pcs,97.66,97.66,97.66,97.66,1,KES,815.35,8.3485,13,13,建筑工程,"wall and column finishes, partitions and curtain walls",wall facing,wall surface decorative slab
110320,coal,Material,General,kg,13.07,13.07,13.07,13.07,1,KES,4.32,0.3308,13,13,建筑工程,Thermal insulation and anti-corrosion works,anti-corrosion,separation layer
010065,welding steel pipe 15,Material,Steel & Metal,m,65.37,65.37,65.37,65.37,1,KES,62.05,0.9492,13,13,建筑工程,General installation works - Vol.4 Electrical equipment installation,welding steel pipe,welding steel pipe
110592,sealing paint thinner,Material,Paint & Coatings,kg,166.62,166.62,166.62,166.62,1,KES,8.48,0.0509,13,13,建筑工程,"painting, coating and wallpapering works",metal surface paint,"metal door, window paint"
800347,crawler crane 40t,Equipment,Cranes,machine-shift,14079.15,14079.15,14079.15,14079.15,1,KES,525.15,0.0373,13,13,建筑工程,Preliminaries and site measures,vertical transport,vertical transport
800117,frog rammer,Equipment,General,machine-shift,127.01,127.01,127.01,127.01,1,KES,2.71,0.0213,13,13,建筑工程,earthwork and rock works,backfill,foundation backfill
080025,U-shaped light-gauge steel keel CB50-2,Material,Steel & Metal,pcs,8.07,8.07,8.07,8.07,1,KES,27.38,3.3907,13,13,建筑工程,ceiling works,ceiling suspended ceiling,ceiling keel
100090,glass,Material,Glass,m2,35.89,35.89,35.89,35.89,1,KES,67.38,1.8775,13,13,建筑工程,roofing and waterproofing works,"wall surface waterproofing, moisture-proofing",wall surface coating waterproofing
120061,plastic sheet,Material,General,kg,179.43,179.43,179.43,179.43,1,KES,396.33,2.2088,13,13,建筑工程,"wall and column finishes, partitions and curtain walls",column (beam) facing,column (beam) surface decorative
090447,galvanized iron wire 18 22,Material,Steel & Metal,kg,70.49,70.49,70.49,70.49,1,KES,287.36,4.0764,13,13,建筑工程,concrete and reinforced concrete works,reinforcing steel works,wall surface decorative slab
010075,welding steel pipe 150,Material,Steel & Metal,m,927.93,927.93,927.93,927.93,1,KES,631.71,0.6808,13,13,建筑工程,ground treatment and slope support,foundation pit,section steel pile
090034,8,Material,General,pcs,0.26,0.26,0.26,0.26,1,KES,2.51,9.792,13,13,建筑工程,General installation works - Vol.6 Automation control instrumentation,and with,
090036,12,Material,General,pcs,0.38,0.38,0.38,0.38,1,KES,8.07,20.9829,13,13,建筑工程,General installation works - Vol.6 Automation control instrumentation,,
070001,timber moulding,Material,Wood & Timber,m,16.28,16.28,16.28,16.28,1,KES,2.9,0.1784,13,13,建筑工程,floor finishing works,finish layer,timber ground slab
800204,crane 3t,Equipment,Cranes,machine-shift,3021.92,3021.92,3021.92,3021.92,1,KES,3997.18,1.3227,13,13,建筑工程,General installation works - Vol.5 Building intelligence systems,installation,
850119,IGS electricity height CTS-8,Equipment,General,machine-shift,94.84,94.84,94.84,94.84,1,KES,87.95,0.9273,13,13,建筑工程,General installation works - Vol.4 Electrical equipment installation,electricity,"10kV, single"
010053,galvanized steel pipe 15,Material,Steel & Metal,m,86.9,86.9,86.9,86.9,1,KES,102.24,1.1765,13,13,建筑工程,General installation works - Vol.4 Electrical equipment installation,,galvanized steel pipe
110768,sealing primer,Material,Paint & Coatings,kg,111.25,111.25,111.25,111.25,1,KES,15.74,0.1415,12,12,建筑工程,"painting, coating and wallpapering works",timber surface paint,glass wall paint
091445,hinge,Material,General,pair,89.72,89.72,89.72,89.72,1,KES,316.14,3.5237,12,12,建筑工程,other decoration works,,
010140,galvanized round bar 10 within,Material,General,kg,77.54,77.54,77.54,77.54,1,KES,62.23,0.8026,12,12,建筑工程,General installation works - Vol.4 Electrical equipment installation,installation,ground slab fabrication installation
091468,galvanized expansion bolt 6,Material,Fasteners,set,15.38,15.38,15.38,15.38,1,KES,62.75,4.08,12,12,建筑工程,General installation works - Vol.4 Electrical equipment installation,installation,
060079,special-shaped finished stone slab 20mm thickness,Material,General,m2,4485.85,4485.85,4485.85,4485.85,1,KES,4597.99,1.025,12,12,建筑工程,"wall and column finishes, partitions and curtain walls",column (beam) surface tiling block facing,stone slab column surface
060045,facing tile 0.015m2 beyond,Material,General,m2,448.58,448.58,448.58,448.58,1,KES,425.03,0.9475,12,12,建筑工程,"wall and column finishes, partitions and curtain walls",wall block-facing layer,block facing wall surface
110605,water-based alkyd topcoat,Material,Water,kg,358.87,358.87,358.87,358.87,1,KES,45.85,0.1278,12,12,建筑工程,"painting, coating and wallpapering works",timber surface paint,"timber slab, fibreboard, plywood ceiling paint"
060093,finished product stone slab 5mm,Material,General,m2,4614.01,4614.01,4614.01,4614.01,1,KES,4629.39,1.0033,12,12,建筑工程,door and window works,door window,
120026,with 20×40,Material,General,unit,68.83,68.83,68.83,68.83,1,KES,19.39,0.2817,12,12,建筑工程,General installation works - Vol.4 Electrical equipment installation,"electricity, installation",
830078,"shaped steel formwork (and type, height, bolt)",Material,Steel & Metal,m2-day,19.23,19.23,19.23,19.23,1,KES,108.65,5.6517,12,12,建筑工程,Preliminaries and site measures,cast-in-situ concrete formwork and brackets,wall
080736,decorative stainless steel slab,Material,Steel & Metal,m2,2050.67,2050.67,2050.67,2050.67,1,KES,2153.21,1.05,12,12,建筑工程,"wall and column finishes, partitions and curtain walls",wall facing,wall surface decorative slab
080735,decorative aluminium slab,Material,General,m2,5767.52,5767.52,5767.52,5767.52,1,KES,6055.89,1.05,12,12,建筑工程,"wall and column finishes, partitions and curtain walls",wall facing,wall surface decorative slab
090137,galvanized with bolt 16×(150 250),Material,Fasteners,set,67.16,67.16,67.16,67.16,1,KES,548.02,8.16,12,12,建筑工程,General installation works - Vol.4 Electrical equipment installation,type electricity installation,
110137,coating,Material,General,kg,230.7,230.7,230.7,230.7,1,KES,106.3,0.4608,12,12,建筑工程,"painting, coating and wallpapering works",spray and brush coating,metal structural brushing coating
800569,sewage pump 150,Equipment,Pumps,machine-shift,358.87,358.87,358.87,358.87,1,KES,17.4,0.0485,12,12,建筑工程,ground treatment and slope support,"water, water works",water
110104,coal tar paint,Material,Paint & Coatings,kg,183.28,183.28,183.28,183.28,1,KES,61.47,0.3354,12,12,建筑工程,"General installation works - Vol.12 Painting, anti-corrosion, thermal insulation",rectangular brushing,
110601,water-based fluorocarbon paint,Material,Paint & Coatings,kg,384.5,384.5,384.5,384.5,1,KES,146.23,0.3803,12,12,建筑工程,"painting, coating and wallpapering works",timber surface paint,"timber slab, fibreboard, plywood ceiling paint"
100316,adhesive waterproofing membrane (self-adhesive) 1.5mm thickness,Material,Waterproofing,m2,576.75,576.75,576.75,576.75,1,KES,652.38,1.1311,12,12,建筑工程,roofing and waterproofing works,Roof waterproofing and sundries,roof membrane waterproofing
110185,adhesive,Material,General,kg,84.21,84.21,84.21,84.21,1,KES,15.75,0.1871,12,12,建筑工程,roofing and waterproofing works,Roof waterproofing and sundries,roof membrane waterproofing
100375,adhesive waterproofing membrane 1.5mm thickness,Material,Waterproofing,m2,320.42,320.42,320.42,320.42,1,KES,360.51,1.1251,12,12,建筑工程,roofing and waterproofing works,Roof waterproofing and sundries,roof membrane waterproofing
130006,glass wool,Material,Glass,m3,2691.51,2691.51,2691.51,2691.51,1,KES,98.58,0.0366,12,12,建筑工程,Thermal insulation and anti-corrosion works,wall facing,wall surface decorative slab
100264,adhesive waterproof coating,Material,Waterproofing,kg,224.29,224.29,224.29,224.29,1,KES,417.51,1.8614,12,12,建筑工程,roofing and waterproofing works,Roof waterproofing and sundries,roof coating waterproofing
810168,mortar DM7.5-MR,Material,Concrete & Cement,m3,18456.06,18456.06,18456.06,18456.06,1,KES,1435.06,0.0778,12,12,建筑工程,Masonry works,block masonry,
100266,poly cement (JS) waterproof coating,Material,Concrete & Cement,kg,157.65,157.65,157.65,157.65,1,KES,341.24,2.1646,12,12,建筑工程,roofing and waterproofing works,Roof waterproofing and sundries,roof coating waterproofing
810176,dry mixed mortar type,Material,Concrete & Cement,m3,9612.53,9612.53,9612.53,9612.53,1,KES,126.16,0.0131,12,12,建筑工程,Thermal insulation and anti-corrosion works,,wall surface
810174,mortar,Material,Concrete & Cement,m3,11535.04,11535.04,11535.04,11535.04,1,KES,329.9,0.0286,12,12,建筑工程,Thermal insulation and anti-corrosion works,,wall surface
100263,acrylic waterproof coating,Material,Waterproofing,kg,185.84,185.84,185.84,185.84,1,KES,435.4,2.3428,12,12,建筑工程,roofing and waterproofing works,Roof waterproofing and sundries,roof coating waterproofing
150015,aluminium,Material,General,pcs,5.0,5.0,5.0,5.0,1,KES,5.0,1.0,12,12,建筑工程,General installation works - Vol.9 Fire protection,no mesh,
010067,welding steel pipe 25,Material,Steel & Metal,m,123.94,123.94,123.94,123.94,1,KES,837.25,6.7555,12,12,建筑工程,Piling works,bored pile,welding steel pipe
080764,"wall, floor adhesive surface slab (joint width 200mm within)",Material,General,m,2178.84,2178.84,2178.84,2178.84,1,KES,2200.63,1.01,12,12,建筑工程,roofing and waterproofing works,movement joint,wall surface movement joint
400058,masonry mortar DM5.0,Material,Concrete & Cement,m3,7514.44,7514.44,7514.44,7514.44,1,KES,2489.33,0.3313,12,12,建筑工程,Masonry works,stone masonry,
040057,rubble stone,Material,General,kg,0.9,0.9,0.9,0.9,1,KES,1811.22,2018.8182,12,12,建筑工程,Masonry works,stone masonry,
010031,ordinary steel plate 4.1 7,Material,Steel & Metal,kg,57.55,57.55,57.55,57.55,1,KES,550.08,9.5588,12,12,建筑工程,General installation works - Vol.7 Ventilation and air conditioning,Bracket and fabrication installation,bracket fabrication installation
090269,galvanized nail,Material,Fasteners,kg,132.01,132.01,132.01,132.01,1,KES,4.73,0.0358,12,12,建筑工程,General installation works - Vol.7 Ventilation and air conditioning,,
080765,"wall, floor adhesive surface slab (joint width 200mm beyond)",Material,General,m,2435.17,2435.17,2435.17,2435.17,1,KES,2459.53,1.01,12,12,建筑工程,roofing and waterproofing works,movement joint,wall surface movement joint
120050,decorative slab 0.8mm,Material,General,m2,801.04,801.04,801.04,801.04,1,KES,1147.27,1.4322,12,12,建筑工程,"wall and column finishes, partitions and curtain walls",wall facing,wall surface decorative slab
800281,with single earth excavation 1.0m3,Equipment,General,machine-shift,11714.47,11714.47,11714.47,11714.47,1,KES,44.51,0.0038,12,12,建筑工程,earthwork and rock works,"water, water works",excavating general earthwork
070002,aluminium alloy strip,Material,General,m,58.83,58.83,58.83,58.83,1,KES,17.9,0.3042,12,12,建筑工程,floor finishing works,floor tiling,ground
040023,stone,Material,General,kg,2.95,2.95,2.95,2.95,1,KES,724.12,245.6431,12,12,建筑工程,earthwork and rock works,backfill,ground backfill
110663,cement bonding waterproof coating,Material,Concrete & Cement,kg,230.7,230.7,230.7,230.7,1,KES,390.11,1.691,12,12,建筑工程,roofing and waterproofing works,"wall surface waterproofing, moisture-proofing",wall surface coating waterproofing
030090,slab,Material,General,m2,157.65,157.65,157.65,157.65,1,KES,166.71,1.0575,12,12,建筑工程,roofing and waterproofing works,Roof waterproofing and sundries,roof ()
400042,surface mortar DBI,Material,Concrete & Cement,m3,50113.33,50113.33,50113.33,50113.33,1,KES,122.42,0.0024,12,12,建筑工程,roofing and waterproofing works,waterproofing protective layer,ceiling
030070,slab,Material,General,m2,833.09,833.09,833.09,833.09,1,KES,1580.78,1.8975,12,12,建筑工程,"wall and column finishes, partitions and curtain walls",wall facing,wall surface decorative slab
130101,water,Material,Water,kg,320.42,320.42,320.42,320.42,1,KES,13.59,0.0424,12,12,建筑工程,Thermal insulation and anti-corrosion works,,wall surface
080763,"wall, floor adhesive surface slab (joint width 100mm within)",Material,General,m,2050.67,2050.67,2050.67,2050.67,1,KES,2071.18,1.01,12,12,建筑工程,roofing and waterproofing works,movement joint,wall surface movement joint
090067,galvanized nut 10,Material,Fasteners,pcs,1.79,1.79,1.79,1.79,1,KES,5.33,2.9718,12,12,建筑工程,General installation works - Vol.7 Ventilation and air conditioning,installation,"steel plate rectangular installation (1.2mm within, )"
080280,strip,Material,General,m,102.53,102.53,102.53,102.53,1,KES,38.45,0.375,12,12,建筑工程,"wall and column finishes, partitions and curtain walls",curtain wall works,glass curtain wall
050032,steel adhesive glass,Material,Steel & Metal,m2,5126.68,5126.68,5126.68,5126.68,1,KES,5260.91,1.0262,12,12,建筑工程,"wall and column finishes, partitions and curtain walls",curtain wall works,glass curtain wall
080116,T type light-gauge steel keel TB-1X,Material,Steel & Metal,pcs,4.87,4.87,4.87,4.87,1,KES,9.56,1.9638,12,12,建筑工程,ceiling works,ceiling suspended ceiling,ceiling keel
150166,(),Material,General,pcs,97.54,97.54,97.54,97.54,1,KES,99.49,1.02,12,12,建筑工程,General installation works - Vol.5 Building intelligence systems,installation,electricity
800154,AC welder 40kVA,Equipment,Welding Equip.,machine-shift,221.73,221.73,221.73,221.73,1,KES,42.32,0.1909,12,12,建筑工程,concrete and reinforced concrete works,reinforcing steel works,water stop with
080730,oxygen,Material,Chemicals,m,48.96,48.96,48.96,48.96,1,KES,16.65,0.34,12,12,建筑工程,General installation works - Vol.5 Building intelligence systems,,
100273,modified bitumen poly waterproofing membrane (self-adhesive) 3mm thickness,Material,Waterproofing,m2,461.4,461.4,461.4,461.4,1,KES,566.55,1.2279,12,12,建筑工程,roofing and waterproofing works,Roof waterproofing and sundries,roof membrane waterproofing
080188,slab,Material,General,m2,438.33,438.33,438.33,438.33,1,KES,458.49,1.046,12,12,建筑工程,"wall and column finishes, partitions and curtain walls",wall facing,wall surface decorative slab
010056,galvanized steel pipe 32,Material,Steel & Metal,m,210.19,210.19,210.19,210.19,1,KES,215.71,1.0262,12,12,建筑工程,General installation works - Vol.4 Electrical equipment installation,,galvanized steel pipe
130041,glass wool slab,Material,Glass,m3,8459.03,8459.03,8459.03,8459.03,1,KES,407.73,0.0482,12,12,建筑工程,Thermal insulation and anti-corrosion works,,ceiling
110600,water-based polyurethane woodwork topcoat,Material,Wood & Timber,kg,208.91,208.91,208.91,208.91,1,KES,27.97,0.1339,12,12,建筑工程,"painting, coating and wallpapering works",timber surface paint,"timber slab, fibreboard, plywood ceiling paint"
090178,4,Material,General,set,1.92,1.92,1.92,1.92,1,KES,3.96,2.06,11,11,建筑工程,"General installation works - Vol.10 Water supply, drainage, heating, gas","water, water",electricity water installation
800522,600T pile,Equipment,General,machine-shift,39162.73,39162.73,39162.73,39162.73,1,KES,842.0,0.0215,11,11,建筑工程,Piling works,,
850107,electricity JH5132,Equipment,General,machine-shift,166.62,166.62,166.62,166.62,1,KES,166.62,1.0,11,11,建筑工程,General installation works - Vol.4 Electrical equipment installation,electricity,electricity
010073,welding steel pipe 100,Material,Steel & Metal,m,553.68,553.68,553.68,553.68,1,KES,517.44,0.9345,11,11,建筑工程,General installation works - Vol.4 Electrical equipment installation,welding steel pipe,welding steel pipe
090860,galvanized expansion bolt M12×110,Material,Fasteners,set,10.0,10.0,10.0,10.0,1,KES,20.97,2.0975,11,11,建筑工程,General installation works - Vol.9 Fire protection,no mesh,
130020,poly slab 50,Material,General,m2,281.97,281.97,281.97,281.97,1,KES,152.26,0.54,11,11,建筑工程,roofing and waterproofing works,movement joint,joint filling
090550,expansion bolt (composite),Material,Fasteners,set,30.5,30.5,30.5,30.5,1,KES,143.31,4.6982,11,11,建筑工程,"wall and column finishes, partitions and curtain walls",column (beam) facing,column (beam) surface decorative
460101,"B0, A0",Material,General,unit,2050.67,2050.67,2050.67,2050.67,1,KES,228.65,0.1115,11,11,建筑工程,General installation works - Vol.5 Building intelligence systems,,installation
100115,double surface adhesive with,Material,General,m,29.61,29.61,29.61,29.61,1,KES,144.99,4.8973,11,11,建筑工程,"wall and column finishes, partitions and curtain walls",wall facing,wall surface decorative slab
090691,stainless steel slab 0.8mm,Material,Steel & Metal,m2,4069.3,4069.3,4069.3,4069.3,1,KES,3940.17,0.9683,11,11,建筑工程,roofing and waterproofing works,Roof waterproofing and sundries,roof water
800121,concrete mixer 500L,Equipment,General,machine-shift,207.63,207.63,207.63,207.63,1,KES,1.69,0.0081,11,11,建筑工程,concrete and reinforced concrete works,cast-in-situ concrete blinding layer,floor blinding layer
850078,moulding,Equipment,General,machine-shift,4542.63,4542.63,4542.63,4542.63,1,KES,1252.47,0.2757,11,11,建筑工程,General installation works - Vol.11 Communication equipment and lines,moulding,
350049,double moulding 0.5mm,Material,General,m,27.94,27.94,27.94,27.94,1,KES,1710.58,61.2225,11,11,建筑工程,General installation works - Vol.11 Communication equipment and lines,moulding,
060059,wall slab,Material,General,m2,1153.5,1153.5,1153.5,1153.5,1,KES,1105.06,0.958,11,11,建筑工程,"wall and column finishes, partitions and curtain walls",wall block-facing layer,block facing wall surface
030017,timber ground slab,Material,Wood & Timber,m2,575.47,575.47,575.47,575.47,1,KES,604.24,1.05,11,11,建筑工程,floor finishing works,floor tiling,timber ground slab
090275,iron fittings,Material,Steel & Metal,kg,55.11,55.11,55.11,55.11,1,KES,39.6,0.7186,11,11,建筑工程,timber-structure works,timber structural,
300109,ground moulding 12×100,Material,General,pcs,49.86,49.86,49.86,49.86,1,KES,99.71,2.0,11,11,建筑工程,General installation works - Vol.11 Communication equipment and lines,,installation ground and other items
090184,cement nail,Material,Concrete & Cement,kg,125.6,125.6,125.6,125.6,1,KES,6.66,0.053,11,11,建筑工程,floor finishing works,finish layer,ground
800395,power buggy 1t,Equipment,General,machine-shift,1616.19,1616.19,1616.19,1616.19,1,KES,111.75,0.0691,11,11,建筑工程,ground treatment and slope support,bored pile,
040072,stone,Material,General,kg,0.64,0.64,0.64,0.64,1,KES,7.72,12.044,11,11,建筑工程,"wall and column finishes, partitions and curtain walls",Plastering,decorative wall plastering
090229,galvanized flat steel,Material,Steel & Metal,kg,51.78,51.78,51.78,51.78,1,KES,26.32,0.5083,11,11,建筑工程,General installation works - Vol.4 Electrical equipment installation,mesh,
800001,truck crane 5t,Equipment,Cranes,machine-shift,4020.6,4020.6,4020.6,4020.6,1,KES,1279.28,0.3182,11,11,建筑工程,General installation works - Vol.4 Electrical equipment installation,installation,
010071,welding steel pipe 70,Material,Steel & Metal,m,335.8,335.8,335.8,335.8,1,KES,329.39,0.9809,11,11,建筑工程,General installation works - Vol.4 Electrical equipment installation,welding steel pipe,welding steel pipe
010074,welding steel pipe 125,Material,Steel & Metal,m,772.85,772.85,772.85,772.85,1,KES,759.85,0.9832,11,11,建筑工程,General installation works - Vol.4 Electrical equipment installation,welding steel pipe,welding steel pipe
850037,2Mb/s,Equipment,General,machine-shift,1347.68,1347.68,1347.68,1347.68,1,KES,1751.98,1.3,11,11,建筑工程,General installation works - Vol.11 Communication equipment and lines,(),
110030,putty,Material,General,kg,115.35,115.35,115.35,115.35,1,KES,57.12,0.4952,11,11,建筑工程,"painting, coating and wallpapering works",metal surface paint,"metal surface, steel structural paint"
850085,622Mb/s,Equipment,General,machine-shift,10622.23,10622.23,10622.23,10622.23,1,KES,9408.26,0.8857,11,11,建筑工程,General installation works - Vol.11 Communication equipment and lines,(),
110021,phenolic anti-rust paint,Material,Paint & Coatings,kg,156.36,156.36,156.36,156.36,1,KES,29.83,0.1908,11,11,建筑工程,General installation works - Vol.6 Automation control instrumentation,rectangular brushing,
280397,ground moulding slab,Material,General,set,212.76,212.76,212.76,212.76,1,KES,214.88,1.01,11,11,建筑工程,General installation works - Vol.11 Communication equipment and lines,,installation ground and other items
350224,moulding 7×1.2,Material,General,kg,403.73,403.73,403.73,403.73,1,KES,80.75,0.2,11,11,建筑工程,General installation works - Vol.11 Communication equipment and lines,,installation ground and other items
090479,aluminium,Material,General,m,37.3,37.3,37.3,37.3,1,KES,280.14,7.5111,11,11,建筑工程,"wall and column finishes, partitions and curtain walls",partition,partition
040052,stone,Material,General,kg,0.77,0.77,0.77,0.77,1,KES,1726.41,2245.0,11,11,建筑工程,earthwork and rock works,backfill,foundation backfill
110201,emulsion paint,Material,Paint & Coatings,kg,205.07,205.07,205.07,205.07,1,KES,153.8,0.75,11,11,建筑工程,"painting, coating and wallpapering works",spray and brush coating,wall surface finish layer coating
090305,decorative nail,Material,Fasteners,kg,171.74,171.74,171.74,171.74,1,KES,8.99,0.0523,11,11,建筑工程,"wall and column finishes, partitions and curtain walls",partition,partition
090123,galvanized with bolt 8×(110 120),Material,Fasteners,set,8.97,8.97,8.97,8.97,1,KES,48.48,5.4036,11,11,建筑工程,General installation works - Vol.5 Building intelligence systems,electricity installation,installation
091088,galvanized timber nail 4×50,Material,Wood & Timber,pcs,0.77,0.77,0.77,0.77,1,KES,2.88,3.7511,11,11,建筑工程,General installation works - Vol.5 Building intelligence systems,installation,
110303,adhesive,Material,General,kg,45.63,45.63,45.63,45.63,1,KES,23.23,0.5092,11,11,建筑工程,concrete and reinforced concrete works,cast-in-situ concrete structural,joint filling
810093,water silicone sealant,Material,Water,m3,37348.02,37348.02,37348.02,37348.02,1,KES,303.45,0.0081,11,11,建筑工程,Thermal insulation and anti-corrosion works,anti-corrosion finish layer,block facing anti-corrosion finish layer
090881,galvanized with bolt M16×(70 75),Material,Fasteners,set,19.23,19.23,19.23,19.23,1,KES,3.96,0.206,11,11,建筑工程,General installation works - Vol.9 Fire protection,no mesh,
010057,galvanized steel pipe 40,Material,Steel & Metal,m,248.64,248.64,248.64,248.64,1,KES,255.09,1.0259,11,11,建筑工程,General installation works - Vol.4 Electrical equipment installation,,galvanized steel pipe
350037,moulding BV-1.0,Material,General,m,10.0,10.0,10.0,10.0,1,KES,129.53,12.9564,11,11,建筑工程,General installation works - Vol.9 Fire protection,water,
100032,bitumen adhesive,Material,Waterproofing,m3,27052.23,27052.23,27052.23,27052.23,1,KES,162.99,0.006,11,11,建筑工程,Thermal insulation and anti-corrosion works,anti-corrosion finish layer,block facing anti-corrosion finish layer
010059,galvanized steel pipe 70,Material,Steel & Metal,m,426.8,426.8,426.8,426.8,1,KES,470.06,1.1014,11,11,建筑工程,General installation works - Vol.4 Electrical equipment installation,,electricity fabrication installation
040024,coal,Material,General,kg,0.77,0.77,0.77,0.77,1,KES,59.51,77.386,11,11,建筑工程,ground treatment and slope support,,
800392,electricity compactor 20 62kg/m,Equipment,General,machine-shift,173.03,173.03,173.03,173.03,1,KES,5.36,0.031,11,11,建筑工程,earthwork and rock works,backfill,foundation backfill
110153,adhesive 325 200g,Material,General,bottle,320.42,320.42,320.42,320.42,1,KES,97.87,0.3055,11,11,建筑工程,General installation works - Vol.9 Fire protection,no mesh,
850126,height,Equipment,General,machine-shift,198.66,198.66,198.66,198.66,1,KES,739.81,3.724,10,10,建筑工程,General installation works - Vol.4 Electrical equipment installation,electricity,electricity
810094,adhesive,Material,General,m3,275232.4,275232.4,275232.4,275232.4,1,KES,1933.51,0.007,10,10,建筑工程,Thermal insulation and anti-corrosion works,anti-corrosion finish layer,block facing anti-corrosion finish layer
080198,aluminium alloy strip slab,Material,General,m2,1153.5,1153.5,1153.5,1153.5,1,KES,1107.31,0.96,10,10,建筑工程,"wall and column finishes, partitions and curtain walls",wall facing,wall surface decorative slab
030013,timber slab,Material,Wood & Timber,m2,169.18,169.18,169.18,169.18,1,KES,176.79,1.045,10,10,建筑工程,"wall and column finishes, partitions and curtain walls",wall facing,wall surface decorative slab
100465,SBS modified bitumen waterproofing membrane () 3mm,Material,Waterproofing,m2,358.87,358.87,358.87,358.87,1,KES,440.65,1.2279,10,10,建筑工程,roofing and waterproofing works,Roof waterproofing and sundries,roof membrane waterproofing
120049,PVC decorative slab 1.25mm,Material,General,m2,314.01,314.01,314.01,314.01,1,KES,344.0,1.0955,10,10,建筑工程,"wall and column finishes, partitions and curtain walls",wall facing,wall surface decorative slab
080026,U type steel CB50-2A,Material,Steel & Metal,pcs,4.36,4.36,4.36,4.36,1,KES,14.93,3.4257,10,10,建筑工程,ceiling works,ceiling decorative,with
810178,additional mortar,Material,Concrete & Cement,m3,5767.52,5767.52,5767.52,5767.52,1,KES,22.11,0.0038,10,10,建筑工程,"wall and column finishes, partitions and curtain walls",column (beam) surface plastering,beam and column surface general plastering
110293,coating,Material,General,kg,284.53,284.53,284.53,284.53,1,KES,61.78,0.2171,10,10,建筑工程,"painting, coating and wallpapering works",spray and brush coating,wall surface finish layer coating
850217,HD-260,Equipment,General,machine-shift,1711.67,1711.67,1711.67,1711.67,1,KES,1852.41,1.0822,10,10,建筑工程,General installation works - Vol.6 Automation control instrumentation,,
850220,double moulding H6 0.1,Equipment,General,machine-shift,1602.99,1602.99,1602.99,1602.99,1,KES,2153.34,1.3433,10,10,建筑工程,General installation works - Vol.6 Automation control instrumentation,mesh and,mesh
010026,ordinary steel plate 1 1.5,Material,Steel & Metal,kg,73.57,73.57,73.57,73.57,1,KES,1146.37,15.5825,10,10,建筑工程,General installation works - Vol.6 Automation control instrumentation,fabrication installation,
850212,electricity ZX-25a,Equipment,General,machine-shift,119.45,119.45,119.45,119.45,1,KES,11.05,0.0925,10,10,建筑工程,General installation works - Vol.6 Automation control instrumentation,,
091067,mesh,Material,General,m2,102.53,102.53,102.53,102.53,1,KES,107.66,1.05,10,10,建筑工程,"wall and column finishes, partitions and curtain walls",,decorative wall plastering
110607,oil-based sealing primer,Material,Paint & Coatings,kg,198.66,198.66,198.66,198.66,1,KES,18.37,0.0925,10,10,建筑工程,"painting, coating and wallpapering works",timber surface paint,glass wall paint
090408,galvanized 50,Material,General,pcs,48.19,48.19,48.19,48.19,1,KES,86.49,1.7948,10,10,建筑工程,other decoration works,"handrail, railing, decorative railing panel","metal handrail, railing, railing slab"
090462,galvanized steel wire mesh,Material,Steel & Metal,m2,99.33,99.33,99.33,99.33,1,KES,107.72,1.0845,10,10,建筑工程,roofing and waterproofing works,,wall surface
110012,ground slab paint,Material,Paint & Coatings,kg,179.43,179.43,179.43,179.43,1,KES,31.12,0.1734,10,10,建筑工程,"painting, coating and wallpapering works",timber surface paint,timber ground slab paint
110130,paint,Material,Paint & Coatings,kg,281.97,281.97,281.97,281.97,1,KES,87.02,0.3086,10,10,建筑工程,"painting, coating and wallpapering works",metal surface paint,"metal surface, steel structural paint"
110013,water-based floor slab varnish,Material,Paint & Coatings,kg,320.42,320.42,320.42,320.42,1,KES,33.24,0.1037,10,10,建筑工程,"painting, coating and wallpapering works",timber surface paint,timber ground slab paint
110131,paint,Material,Paint & Coatings,kg,192.25,192.25,192.25,192.25,1,KES,6.65,0.0346,10,10,建筑工程,"painting, coating and wallpapering works",metal surface paint,"metal surface, steel structural paint"
090345,stainless steel 50,Material,Steel & Metal,pcs,283.25,283.25,283.25,283.25,1,KES,383.37,1.3535,10,10,建筑工程,other decoration works,"handrail, railing, decorative railing panel","metal handrail, railing, railing slab"
050013,glass 8mm,Material,Glass,m2,576.75,576.75,576.75,576.75,1,KES,728.44,1.263,10,10,建筑工程,other decoration works,,frame
360045,moulding 25 moulding,Material,General,unit,189.69,189.69,189.69,189.69,1,KES,766.34,4.04,10,10,建筑工程,General installation works - Vol.11 Communication equipment and lines,electricity moulding,electricity moulding
110772,acrylic polyurethane metal paint thinner,Material,Steel & Metal,kg,130.73,130.73,130.73,130.73,1,KES,3.37,0.0258,10,10,建筑工程,"painting, coating and wallpapering works",timber surface paint,glass wall paint
280559,moulding,Material,General,pcs,10.25,10.25,10.25,10.25,1,KES,2091.69,204.0,10,10,建筑工程,General installation works - Vol.11 Communication equipment and lines,electricity moulding,electricity moulding
800068,C15,Equipment,General,machine-shift,44.99,44.99,44.99,44.99,1,KES,6.75,0.15,10,10,建筑工程,General installation works - Vol.11 Communication equipment and lines,electricity moulding,electricity moulding
010173,steel pipe,Material,Steel & Metal,m,389.63,389.63,389.63,389.63,1,KES,94.03,0.2413,10,10,建筑工程,floor finishing works,staircase finish layer,metal wall handrail
090799,60%,Material,General,kg,1040.72,1040.72,1040.72,1040.72,1,KES,403.8,0.388,10,10,建筑工程,General installation works - Vol.11 Communication equipment and lines,(mesh) single (DTU NTU),
010141,galvanized round bar 10 beyond,Material,General,kg,78.95,78.95,78.95,78.95,1,KES,163.55,2.0716,10,10,建筑工程,General installation works - Vol.4 Electrical equipment installation,mesh,water pile
090335,timber,Material,Wood & Timber,pcs,38.45,38.45,38.45,38.45,1,KES,132.13,3.4364,10,10,建筑工程,other decoration works,,timber
100019,adhesive 15,Material,General,m,74.59,74.59,74.59,74.59,1,KES,48.84,0.6548,10,10,建筑工程,"General installation works - Vol.10 Water supply, drainage, heating, gas",water installation,
800652,electricity ordinary double (200 within),Equipment,General,machine-shift,5077.98,5077.98,5077.98,5077.98,1,KES,42.07,0.0083,10,10,建筑工程,Preliminaries and site measures,vertical transport,vertical transport
060026,slab (slab),Material,General,m2,512.67,512.67,512.67,512.67,1,KES,534.46,1.0425,10,10,建筑工程,"wall and column finishes, partitions and curtain walls",wall facing,wall surface decorative slab
090593,galvanized,Material,General,set,51.65,51.65,51.65,51.65,1,KES,178.3,3.452,10,10,建筑工程,General installation works - Vol.4 Electrical equipment installation,moulding,installation
010068,welding steel pipe 32,Material,Steel & Metal,m,160.21,160.21,160.21,160.21,1,KES,152.52,0.952,10,10,建筑工程,General installation works - Vol.4 Electrical equipment installation,welding steel pipe,welding steel pipe
120169,polyurethane,Material,General,m3,8971.7,8971.7,8971.7,8971.7,1,KES,1.44,0.0002,10,10,建筑工程,Thermal insulation and anti-corrosion works,,floor
800023,air compressor 1m3/min,Equipment,Compressors,machine-shift,215.32,215.32,215.32,215.32,1,KES,112.02,0.5202,10,10,建筑工程,earthwork and rock works,rock works works,
110434,stone,Material,General,kg,79.46,79.46,79.46,79.46,1,KES,184.85,2.3262,10,10,建筑工程,"wall and column finishes, partitions and curtain walls",Plastering,general plastering
800213,water pump 100,Equipment,Pumps,machine-shift,189.69,189.69,189.69,189.69,1,KES,38.93,0.2052,10,10,建筑工程,"General installation works - Vol.10 Water supply, drainage, heating, gas",,
810142,adhesive,Material,General,m3,180415.67,180415.67,180415.67,180415.67,1,KES,1262.91,0.007,10,10,建筑工程,Thermal insulation and anti-corrosion works,anti-corrosion finish layer,block facing anti-corrosion finish layer
850098,electricity YY2814,Equipment,General,machine-shift,206.35,206.35,206.35,206.35,1,KES,526.19,2.55,10,10,建筑工程,General installation works - Vol.4 Electrical equipment installation,height electricity,electricity
091469,strip 2.5,Material,General,kg,2819.68,2819.68,2819.68,2819.68,1,KES,1447.9,0.5135,10,10,建筑工程,"General installation works - Vol.10 Water supply, drainage, heating, gas",installation,
800643,tower crane 300T M,Equipment,Cranes,machine-shift,16746.31,16746.31,16746.31,16746.31,1,KES,159.42,0.0095,10,10,建筑工程,Preliminaries and site measures,vertical transport,vertical transport
350217,moulding BVR-16mm,Material,General,m,152.52,152.52,152.52,152.52,1,KES,325.02,2.131,10,10,建筑工程,General installation works - Vol.11 Communication equipment and lines,moulding,installation moulding frame
180019,galvanized splice 20,Material,General,pcs,49.99,49.99,49.99,49.99,1,KES,57.7,1.1543,10,10,建筑工程,General installation works - Vol.5 Building intelligence systems,water,water ()
130876,galvanized steel plate mesh,Material,Steel & Metal,m2,89.72,89.72,89.72,89.72,1,KES,85.23,0.95,10,10,建筑工程,General installation works - Vol.7 Ventilation and air conditioning,"metal mesh fabrication, installation (030703007 030703010)",
050001,glass 5mm,Material,Glass,m2,256.33,256.33,256.33,256.33,1,KES,543.7,2.1211,10,10,建筑工程,"wall and column finishes, partitions and curtain walls",partition,glass partition
810025,1: 0.5: 3 composite mortar,Material,Concrete & Cement,m3,3440.9,3440.9,3440.9,3440.9,1,KES,13.88,0.004,10,10,建筑工程,"wall and column finishes, partitions and curtain walls",,
800040,slab 6.3×2000,Equipment,General,machine-shift,296.07,296.07,296.07,296.07,1,KES,1.08,0.0036,10,10,建筑工程,General installation works - Vol.7 Ventilation and air conditioning,,
010072,welding steel pipe 80,Material,Steel & Metal,m,422.95,422.95,422.95,422.95,1,KES,398.98,0.9433,9,9,建筑工程,General installation works - Vol.4 Electrical equipment installation,welding steel pipe,welding steel pipe
090268,nail 4,Material,Fasteners,set,1.03,1.03,1.03,1.03,1,KES,2.25,2.194,9,9,建筑工程,metal-structure works,"steel plate floor slab, wall slab",
090122,galvanized with bolt 8×(85 100),Material,Fasteners,set,8.33,8.33,8.33,8.33,1,KES,189.72,22.7733,9,9,建筑工程,General installation works - Vol.4 Electrical equipment installation,installation,installation
100389,joint filling strip,Material,General,m,192.25,192.25,192.25,192.25,1,KES,22.76,0.1184,9,9,建筑工程,"wall and column finishes, partitions and curtain walls",wall facing,wall surface decorative slab
091463,stainless steel,Material,Steel & Metal,kg,307.6,307.6,307.6,307.6,1,KES,63.92,0.2078,9,9,建筑工程,"wall and column finishes, partitions and curtain walls",wall facing,wall surface decorative slab
010069,welding steel pipe 40,Material,Steel & Metal,m,192.25,192.25,192.25,192.25,1,KES,181.36,0.9433,9,9,建筑工程,General installation works - Vol.4 Electrical equipment installation,welding steel pipe,welding steel pipe
150085,moulding,Material,General,pcs,871.54,871.54,871.54,871.54,1,KES,5.45,0.0063,9,9,建筑工程,metal-structure works,metal bonding structural,
110559,PE 0.3mm thickness,Material,General,m2,48.7,48.7,48.7,48.7,1,KES,32.27,0.6625,9,9,建筑工程,roofing and waterproofing works,Roof waterproofing and sundries,profile and other items roof
110197,coating,Material,General,kg,256.33,256.33,256.33,256.33,1,KES,9.07,0.0354,9,9,建筑工程,General installation works - Vol.4 Electrical equipment installation,mesh,fabrication
130887,thickness),Material,General,m2,2563.34,2563.34,2563.34,2563.34,1,KES,2657.33,1.0367,9,9,建筑工程,roofing and waterproofing works,Roof waterproofing and sundries,profile and other items roof
030016,slab strip 1000×30×8,Material,General,100 pcs,203.79,203.79,203.79,203.79,1,KES,4.28,0.098,9,9,建筑工程,timber-structure works,roof timber substrate,ceiling finish layer
800640,tower crane 100T M,Equipment,Cranes,machine-shift,8038.64,8038.64,8038.64,8038.64,1,KES,155.79,0.0194,9,9,建筑工程,Preliminaries and site measures,vertical transport,vertical transport
800172,crawler crane 25t,Equipment,Cranes,machine-shift,7842.54,7842.54,7842.54,7842.54,1,KES,370.56,0.0472,9,9,建筑工程,Preliminaries and site measures,vertical transport,vertical transport
110070,flat coating layer,Material,General,kg,358.87,358.87,358.87,358.87,1,KES,442.99,1.2344,9,9,建筑工程,floor finishing works,decorative steps,
060011,marble slab 0.25m2 within,Material,General,m2,2050.67,2050.67,2050.67,2050.67,1,KES,2440.81,1.1902,9,9,建筑工程,floor finishing works,floor tiling,stone slab
110467,ordinary acrylic metal paint (single) primer,Material,Steel & Metal,kg,358.87,358.87,358.87,358.87,1,KES,5.99,0.0167,9,9,建筑工程,"painting, coating and wallpapering works",timber surface paint,glass wall paint
110514,adhesive,Material,General,kg,173.03,173.03,173.03,173.03,1,KES,50.67,0.2929,9,9,建筑工程,other decoration works,,wall
150322,spraying,Material,General,pcs,115.35,115.35,115.35,115.35,1,KES,3.29,0.0285,9,9,建筑工程,"painting, coating and wallpapering works",spray and brush coating,metal structural brushing coating
090453,stainless steel column,Material,Steel & Metal,m,471.65,471.65,471.65,471.65,1,KES,775.28,1.6438,9,9,建筑工程,other decoration works,,frame
850074,PCM,Equipment,General,machine-shift,1812.03,1812.03,1812.03,1812.03,1,KES,1009.56,0.5571,9,9,建筑工程,General installation works - Vol.11 Communication equipment and lines,(),
800391,with bulldozer 105kW,Equipment,Bulldozers,machine-shift,7072.26,7072.26,7072.26,7072.26,1,KES,28.82,0.0041,9,9,建筑工程,earthwork and rock works,transport,(stone) transport
120088,poly,Material,General,m3,8330.86,8330.86,8330.86,8330.86,1,KES,27.49,0.0033,9,9,建筑工程,"wall and column finishes, partitions and curtain walls",wall facing,wall surface decorative slab
110110,polyurethane putty,Material,General,kg,148.67,148.67,148.67,148.67,1,KES,1.61,0.0108,9,9,建筑工程,Thermal insulation and anti-corrosion works,anti-corrosion,anti-corrosion coating
060013,special-shaped marble slab,Material,General,m2,4115.44,4115.44,4115.44,4115.44,1,KES,2842.81,0.6908,9,9,建筑工程,floor finishing works,floor tiling,wall
090534,galvanized expansion bolt 16,Material,Fasteners,set,76.9,76.9,76.9,76.9,1,KES,380.99,4.9543,9,9,建筑工程,General installation works - Vol.11 Communication equipment and lines,moulding frame,installation moulding frame
800195,CTS-26,Equipment,General,machine-shift,976.63,976.63,976.63,976.63,1,KES,73.79,0.0756,9,9,建筑工程,metal-structure works,metal bonding structural,
850090,electricity BT-203,Equipment,General,machine-shift,935.62,935.62,935.62,935.62,1,KES,4682.26,5.0044,9,9,建筑工程,General installation works - Vol.4 Electrical equipment installation,electricity,electricity
090271,aluminium nail,Material,Fasteners,pcs,3.2,3.2,3.2,3.2,1,KES,12.4,3.87,9,9,建筑工程,General installation works - Vol.5 Building intelligence systems,,and
850045,DSP-100,Equipment,General,machine-shift,886.92,886.92,886.92,886.92,1,KES,2660.75,3.0,9,9,建筑工程,General installation works - Vol.5 Building intelligence systems,installation,
850227,STIPA,Equipment,General,machine-shift,3838.6,3838.6,3838.6,3838.6,1,KES,7197.38,1.875,9,9,建筑工程,General installation works - Vol.5 Building intelligence systems,,electricity
040054,stone,Material,General,kg,0.64,0.64,0.64,0.64,1,KES,598.19,933.45,9,9,建筑工程,Masonry works,blinding layer,profile and other items roof
030034,timber beading,Material,Wood & Timber,m,8.97,8.97,8.97,8.97,1,KES,21.46,2.3915,9,9,建筑工程,"wall and column finishes, partitions and curtain walls",column (beam) facing,column (beam) surface decorative
150175,cement bonding waterproof coating,Material,Concrete & Cement,kg,512.67,512.67,512.67,512.67,1,KES,149.44,0.2915,9,9,建筑工程,roofing and waterproofing works,Roof waterproofing and sundries,roof waterproofing
850099,electricity JD2505N,Equipment,General,machine-shift,543.43,543.43,543.43,543.43,1,KES,687.44,1.265,9,9,建筑工程,General installation works - Vol.4 Electrical equipment installation,electricity,"10kV, single"
090900,drill bit,Material,General,pcs,89.72,89.72,89.72,89.72,1,KES,3.74,0.0417,9,9,建筑工程,metal-structure works,"steel plate floor slab, wall slab",
110444,poly cement adhesive,Material,Concrete & Cement,kg,57.68,57.68,57.68,57.68,1,KES,154.15,2.6727,9,9,建筑工程,roofing and waterproofing works,Roof waterproofing and sundries,roof membrane waterproofing
090234,galvanized iron wire 13 17,Material,Steel & Metal,kg,83.95,83.95,83.95,83.95,1,KES,0.29,0.0035,9,9,建筑工程,General installation works - Vol.4 Electrical equipment installation,,() steel pipe
080205,slab,Material,General,m2,1922.51,1922.51,1922.51,1922.51,1,KES,1104.67,0.5746,9,9,建筑工程,"wall and column finishes, partitions and curtain walls",wall facing,wall surface decorative slab
400060,masonry mortar DM10-MR,Material,Concrete & Cement,m3,7843.83,7843.83,7843.83,7843.83,1,KES,329.44,0.042,9,9,建筑工程,Masonry works,block masonry,
850097,height AST300/3,Equipment,General,machine-shift,448.58,448.58,448.58,448.58,1,KES,524.35,1.1689,9,9,建筑工程,General installation works - Vol.4 Electrical equipment installation,moulding,
080018,U-shaped light-gauge steel keel CB50-L,Material,Steel & Metal,pcs,5.25,5.25,5.25,5.25,1,KES,3.37,0.6411,9,9,建筑工程,ceiling works,ceiling suspended ceiling,ceiling keel
110004,alkyd no ready-mixed paint,Material,Paint & Coatings,kg,184.56,184.56,184.56,184.56,1,KES,10.34,0.056,9,9,建筑工程,"wall and column finishes, partitions and curtain walls",partition,partition
090591,partition,Material,General,set,76.9,76.9,76.9,76.9,1,KES,345.39,4.4914,9,9,建筑工程,"wall and column finishes, partitions and curtain walls",partition,partition
030002,timber,Material,Wood & Timber,m3,28196.76,28196.76,28196.76,28196.76,1,KES,412.61,0.0146,9,9,建筑工程,"wall and column finishes, partitions and curtain walls",partition,glass partition
810238,concrete and mortar (composite),Material,Concrete & Cement,m3,6152.02,6152.02,6152.02,6152.02,1,KES,182.51,0.0297,9,9,建筑工程,concrete and reinforced concrete works,cast-in-situ concrete column,
800611,nail,Equipment,General,machine-shift,147.39,147.39,147.39,147.39,1,KES,83.52,0.5667,9,9,建筑工程,"wall and column finishes, partitions and curtain walls",curtain wall works,with framework curtain wall
800612,adhesive,Equipment,General,machine-shift,36.91,36.91,36.91,36.91,1,KES,28.3,0.7667,9,9,建筑工程,"wall and column finishes, partitions and curtain walls",curtain wall works,with framework curtain wall
800101,truck crane composite,Equipment,Cranes,machine-shift,7652.86,7652.86,7652.86,7652.86,1,KES,40.82,0.0053,9,9,建筑工程,"wall and column finishes, partitions and curtain walls",curtain wall works,with framework curtain wall
080754,roof and wall aluminium alloy panel (joint width 100mm included),Material,General,m,1602.09,1602.09,1602.09,1602.09,1,KES,1618.11,1.01,9,9,建筑工程,roofing and waterproofing works,movement joint,roof movement joint
080755,roof and wall aluminium alloy panel (joint width 200mm inside),Material,General,m,1730.26,1730.26,1730.26,1730.26,1,KES,1747.56,1.01,9,9,建筑工程,roofing and waterproofing works,movement joint,roof movement joint
080756,"roof, wall aluminium alloy slab (joint width 200mm beyond)",Material,General,m,1922.51,1922.51,1922.51,1922.51,1,KES,1941.73,1.01,9,9,建筑工程,roofing and waterproofing works,movement joint,roof movement joint
120051,partition plywood surface,Material,Wood & Timber,m2,1217.59,1217.59,1217.59,1217.59,1,KES,2852.4,2.3427,9,9,建筑工程,"wall and column finishes, partitions and curtain walls",partition,partition
110005,alkyd ready-mixed paint,Material,Paint & Coatings,kg,223.01,223.01,223.01,223.01,1,KES,7.81,0.035,9,9,建筑工程,"wall and column finishes, partitions and curtain walls",partition,partition
110143,interface agent,Material,General,kg,25.76,25.76,25.76,25.76,1,KES,7.86,0.305,9,9,建筑工程,"wall and column finishes, partitions and curtain walls",column (beam) surface plastering,beam and column surface general plastering
850216,QT-2A,Equipment,General,machine-shift,131.5,131.5,131.5,131.5,1,KES,35.09,0.2669,9,9,建筑工程,General installation works - Vol.6 Automation control instrumentation,lock,
110271,coating,Material,General,kg,96.13,96.13,96.13,96.13,1,KES,40.73,0.4238,9,9,建筑工程,"painting, coating and wallpapering works",spray and brush coating,wall surface finish layer coating
110612,clear topcoat,Material,General,kg,281.97,281.97,281.97,281.97,1,KES,43.7,0.155,9,9,建筑工程,"painting, coating and wallpapering works",paint on plastered surface,paint on plastered surface
110037,glazing,Material,General,kg,173.03,173.03,173.03,173.03,1,KES,3.56,0.0206,9,9,建筑工程,floor finishing works,finish layer,
110272,emulsion paint,Material,Paint & Coatings,kg,101.25,101.25,101.25,101.25,1,KES,25.07,0.2476,9,9,建筑工程,"painting, coating and wallpapering works",spray and brush coating,ceiling finish layer coating
110505,water-based fluorocarbon paint,Material,Paint & Coatings,kg,666.47,666.47,666.47,666.47,1,KES,398.22,0.5975,8,8,建筑工程,"painting, coating and wallpapering works",spray and brush coating,wall surface finish layer coating
110611,marble paint,Material,Paint & Coatings,kg,380.66,380.66,380.66,380.66,1,KES,137.32,0.3608,8,8,建筑工程,"painting, coating and wallpapering works",paint on plastered surface,paint on plastered surface
800401,ground 150 type,Equipment,General,machine-shift,1928.91,1928.91,1928.91,1928.91,1,KES,81.66,0.0423,8,8,建筑工程,ground treatment and slope support,foundation pit,section steel pile
100396,acrylic polyurethane metal paint thinner,Material,Steel & Metal,kg,187.12,187.12,187.12,187.12,1,KES,3.59,0.0192,8,8,建筑工程,"painting, coating and wallpapering works",paint on plastered surface,paint on plastered surface
100052,poly PVC waterproofing membrane thickness 1.5mm thickness,Material,Waterproofing,m2,640.84,640.84,640.84,640.84,1,KES,684.2,1.0677,8,8,建筑工程,roofing and waterproofing works,"wall surface waterproofing, moisture-proofing",wall surface membrane waterproofing
370021,partition door,Material,General,m2,1153.5,1153.5,1153.5,1153.5,1,KES,1366.9,1.185,8,8,建筑工程,"wall and column finishes, partitions and curtain walls",partition,partition
090489,aluminium alloy partition,Material,General,m2,2307.01,2307.01,2307.01,2307.01,1,KES,9386.44,4.0687,8,8,建筑工程,"wall and column finishes, partitions and curtain walls",partition,partition
080115,T type light-gauge steel keel TB-1P,Material,Steel & Metal,pcs,4.87,4.87,4.87,4.87,1,KES,9.56,1.9638,8,8,建筑工程,ceiling works,ceiling suspended ceiling,ceiling keel
080058,T type paint keel TB24×28,Material,Paint & Coatings,m,65.24,65.24,65.24,65.24,1,KES,102.14,1.5658,8,8,建筑工程,ceiling works,ceiling suspended ceiling,ceiling keel
170196,50,Material,General,m,107.92,107.92,107.92,107.92,1,KES,101.37,0.9393,8,8,建筑工程,roofing and waterproofing works,Roof waterproofing and sundries,roof ()
850036,TEK1230C64,Equipment,General,machine-shift,1846.37,1846.37,1846.37,1846.37,1,KES,2925.35,1.5844,8,8,建筑工程,General installation works - Vol.6 Automation control instrumentation,,
850219,HD-,Equipment,General,machine-shift,141.75,141.75,141.75,141.75,1,KES,186.05,1.3125,8,8,建筑工程,General installation works - Vol.6 Automation control instrumentation,,
080082,T type paint keel TB24×38,Material,Paint & Coatings,m,65.37,65.37,65.37,65.37,1,KES,101.82,1.5577,8,8,建筑工程,ceiling works,ceiling suspended ceiling,ceiling keel
080181,glass decorative flat surface slab,Material,Glass,m2,1409.84,1409.84,1409.84,1409.84,1,KES,1452.13,1.03,8,8,建筑工程,"wall and column finishes, partitions and curtain walls",wall facing,wall surface decorative slab
080180,glass decorative flat surface slab,Material,Glass,m2,2050.67,2050.67,2050.67,2050.67,1,KES,2112.19,1.03,8,8,建筑工程,"wall and column finishes, partitions and curtain walls",wall facing,wall surface decorative slab
090382,stainless steel beading 2mm,Material,Steel & Metal,m,21.79,21.79,21.79,21.79,1,KES,37.02,1.6991,8,8,建筑工程,"wall and column finishes, partitions and curtain walls",wall facing,wall surface decorative slab
080183,glass decorative surface slab,Material,Glass,m2,4101.35,4101.35,4101.35,4101.35,1,KES,4224.39,1.03,8,8,建筑工程,"wall and column finishes, partitions and curtain walls",wall facing,wall surface decorative slab
080054,T-shaped aluminium alloy keel TB24×38,Material,General,m,61.52,61.52,61.52,61.52,1,KES,95.83,1.5577,8,8,建筑工程,ceiling works,ceiling suspended ceiling,ceiling keel
080055,T-shaped aluminium alloy keel TB24×28,Material,General,m,52.93,52.93,52.93,52.93,1,KES,82.88,1.5658,8,8,建筑工程,ceiling works,ceiling suspended ceiling,ceiling keel
080067,T-shaped light-gauge steel keel TB23×32,Material,Steel & Metal,m,68.7,68.7,68.7,68.7,1,KES,128.11,1.8648,8,8,建筑工程,ceiling works,ceiling suspended ceiling,ceiling keel
800250,butt welder 75kVA,Equipment,Welding Equip.,machine-shift,269.15,269.15,269.15,269.15,1,KES,92.18,0.3425,8,8,建筑工程,concrete and reinforced concrete works,reinforcing steel works,
050018,glass 10mm,Material,Glass,m2,3665.58,3665.58,3665.58,3665.58,1,KES,4508.66,1.23,8,8,建筑工程,ceiling works,ceiling suspended ceiling,ceiling finish layer
080232,paper-faced gypsum board 9.5 thickness,Material,Wood & Timber,m2,147.39,147.39,147.39,147.39,1,KES,103.03,0.699,8,8,建筑工程,ceiling works,ceiling suspended ceiling,ceiling finish layer
080068,T-shaped light-gauge steel keel TB23×26,Material,Steel & Metal,m,65.24,65.24,65.24,65.24,1,KES,92.45,1.4172,8,8,建筑工程,ceiling works,ceiling suspended ceiling,ceiling keel
460098,with,Material,General,box,153.8,153.8,153.8,153.8,1,KES,845.9,5.5,8,8,建筑工程,General installation works - Vol.5 Building intelligence systems,,"with, with installation"
110736,95%,Material,General,kg,102.53,102.53,102.53,102.53,1,KES,162.77,1.5875,8,8,建筑工程,General installation works - Vol.4 Electrical equipment installation,electricity,
110793,polyurethane slab,Material,General,m3,7049.19,7049.19,7049.19,7049.19,1,KES,158.43,0.0225,8,8,建筑工程,Thermal insulation and anti-corrosion works,,ceiling
010037,galvanized steel plate 1.0 1.5,Material,Steel & Metal,kg,70.36,70.36,70.36,70.36,1,KES,852.28,12.1125,8,8,建筑工程,General installation works - Vol.7 Ventilation and air conditioning,,
800618,paint,Equipment,General,machine-shift,446.02,446.02,446.02,446.02,1,KES,6.41,0.0144,8,8,建筑工程,"General installation works - Vol.12 Painting, anti-corrosion, thermal insulation",rectangular brushing,
030137,timber ground slab,Material,Wood & Timber,m2,2307.01,2307.01,2307.01,2307.01,1,KES,2684.04,1.1634,8,8,建筑工程,floor finishing works,finish layer,timber ground slab
120003,ground,Material,General,m2,512.67,512.67,512.67,512.67,1,KES,755.44,1.4736,8,8,建筑工程,floor finishing works,staircase finish layer,frame
120002,ground with,Material,General,m,56.14,56.14,56.14,56.14,1,KES,25.89,0.4613,8,8,建筑工程,floor finishing works,finish layer,ground
850035,MG9001A,Equipment,General,machine-shift,560.6,560.6,560.6,560.6,1,KES,1757.49,3.135,8,8,建筑工程,General installation works - Vol.11 Communication equipment and lines,,
850076,PCM,Equipment,General,machine-shift,9353.12,9353.12,9353.12,9353.12,1,KES,7131.75,0.7625,8,8,建筑工程,General installation works - Vol.11 Communication equipment and lines,frame (including etc.),
010121,steel wire,Material,Steel & Metal,kg,67.42,67.42,67.42,67.42,1,KES,21.91,0.325,8,8,建筑工程,General installation works - Vol.11 Communication equipment and lines,,electricity ()
090343,stainless steel 20,Material,Steel & Metal,pcs,116.63,116.63,116.63,116.63,1,KES,990.14,8.4894,8,8,建筑工程,other decoration works,"handrail, railing, decorative railing panel","metal handrail, railing, railing slab"
110503,adhesive topcoat thinner,Material,General,kg,269.15,269.15,269.15,269.15,1,KES,3.18,0.0118,8,8,建筑工程,"painting, coating and wallpapering works",,"metal door, window paint"
070140,aluminium alloy strip width (30mm within),Material,General,m,76.9,76.9,76.9,76.9,1,KES,25.57,0.3325,8,8,建筑工程,other decoration works,decorative moulding,metal decorative moulding
090352,stainless steel 75,Material,Steel & Metal,pcs,233.26,233.26,233.26,233.26,1,KES,177.86,0.7625,8,8,建筑工程,other decoration works,"handrail, railing, decorative railing panel","metal handrail, railing, railing slab"
850230,"1310/1550nm, 0 60dB",Equipment,General,machine-shift,1268.85,1268.85,1268.85,1268.85,1,KES,296.07,0.2333,8,8,建筑工程,General installation works - Vol.11 Communication equipment and lines,,
090437,door,Material,General,set,192.25,192.25,192.25,192.25,1,KES,169.44,0.8813,8,8,建筑工程,door and window works,hardware installation,finished product partition
100394,stone paint,Material,Paint & Coatings,kg,393.47,393.47,393.47,393.47,1,KES,90.91,0.231,8,8,建筑工程,"painting, coating and wallpapering works",paint on plastered surface,paint on plastered surface
100399,layer,Material,General,kg,246.08,246.08,246.08,246.08,1,KES,585.91,2.381,8,8,建筑工程,"painting, coating and wallpapering works",paint on plastered surface,paint on plastered surface
080182,glass decorative flat surface slab,Material,Glass,m2,3588.68,3588.68,3588.68,3588.68,1,KES,3696.34,1.03,8,8,建筑工程,"wall and column finishes, partitions and curtain walls",wall facing,wall surface decorative slab
080192,mirror finish glass 6mm,Material,Glass,m2,1256.04,1256.04,1256.04,1256.04,1,KES,1504.73,1.198,8,8,建筑工程,"wall and column finishes, partitions and curtain walls",wall facing,wall surface decorative slab
150088,dry electricity 1,Material,General,unit,25.63,25.63,25.63,25.63,1,KES,10676.32,416.5,8,8,建筑工程,General installation works - Vol.9 Fire protection,,
150145,aluminium flux,Material,General,kg,670.31,670.31,670.31,670.31,1,KES,10.05,0.015,8,8,建筑工程,roofing and waterproofing works,Roof waterproofing and sundries,roof membrane waterproofing
100268,PSS waterproofing membrane 0.5mm thickness,Material,Waterproofing,m2,1986.59,1986.59,1986.59,1986.59,1,KES,2046.19,1.03,8,8,建筑工程,roofing and waterproofing works,Roof waterproofing and sundries,roof membrane waterproofing
810172,coal adhesive,Material,General,m3,205067.33,205067.33,205067.33,205067.33,1,KES,1435.47,0.007,8,8,建筑工程,Thermal insulation and anti-corrosion works,anti-corrosion finish layer,block facing anti-corrosion finish layer
850003,electricity JH1741/05,Equipment,General,machine-shift,112.92,112.92,112.92,112.92,1,KES,3189.85,28.25,8,8,建筑工程,General installation works - Vol.9 Fire protection,,
010062,galvanized steel pipe 125,Material,Steel & Metal,m,976.63,976.63,976.63,976.63,1,KES,1102.99,1.1294,8,8,建筑工程,General installation works - Vol.4 Electrical equipment installation,,electricity fabrication installation
280260,galvanized steel pipe splice 25,Material,Steel & Metal,pcs,20.76,20.76,20.76,20.76,1,KES,3.42,0.1648,8,8,建筑工程,General installation works - Vol.4 Electrical equipment installation,,galvanized steel pipe
280261,galvanized steel pipe splice 32,Material,Steel & Metal,pcs,31.27,31.27,31.27,31.27,1,KES,5.15,0.1648,8,8,建筑工程,General installation works - Vol.4 Electrical equipment installation,,galvanized steel pipe
090928,steel fixing,Material,Steel & Metal,set,44.86,44.86,44.86,44.86,1,KES,228.78,5.1,8,8,建筑工程,roofing and waterproofing works,Roof waterproofing and sundries,roof membrane waterproofing
110335,gypsum,Material,General,kg,19.48,19.48,19.48,19.48,1,KES,11.37,0.5835,8,8,建筑工程,"wall and column finishes, partitions and curtain walls",wall facing,wall surface decorative slab
090924,galvanized steel plate U type beading 1.5mm,Material,Steel & Metal,m,83.31,83.31,83.31,83.31,1,KES,4.5,0.054,8,8,建筑工程,roofing and waterproofing works,Roof waterproofing and sundries,roof membrane waterproofing
170630,15 25,Material,General,pcs,1.03,1.03,1.03,1.03,1,KES,2.11,2.06,8,8,建筑工程,General installation works - Vol.4 Electrical equipment installation,moulding installation,
090183,galvanized timber nail,Material,Wood & Timber,pcs,0.51,0.51,0.51,0.51,1,KES,1.15,2.2391,8,8,建筑工程,General installation works - Vol.4 Electrical equipment installation,moulding installation,PVC
090247,aluminium slab mesh,Material,General,m2,192.25,192.25,192.25,192.25,1,KES,152.84,0.795,8,8,建筑工程,"wall and column finishes, partitions and curtain walls",wall facing,wall surface decorative slab
090355,aluminium alloy decorative slab,Material,General,m2,1794.34,1794.34,1794.34,1794.34,1,KES,1822.69,1.0158,8,8,建筑工程,"wall and column finishes, partitions and curtain walls",wall facing,wall surface decorative slab
110443,height,Material,General,kg,99.97,99.97,99.97,99.97,1,KES,1115.89,11.1622,8,8,建筑工程,roofing and waterproofing works,,profile and other items roof
280259,galvanized steel pipe splice 20,Material,Steel & Metal,pcs,14.87,14.87,14.87,14.87,1,KES,2.45,0.1648,8,8,建筑工程,General installation works - Vol.4 Electrical equipment installation,,galvanized steel pipe
280258,galvanized steel pipe splice 15,Material,Steel & Metal,pcs,7.56,7.56,7.56,7.56,1,KES,1.25,0.1648,8,8,建筑工程,General installation works - Vol.4 Electrical equipment installation,,galvanized steel pipe
090929,strip,Material,General,kg,320.42,320.42,320.42,320.42,1,KES,27.24,0.085,8,8,建筑工程,roofing and waterproofing works,Roof waterproofing and sundries,roof membrane waterproofing
850100,"electricity, electricity HJ-12E",Equipment,General,machine-shift,162.77,162.77,162.77,162.77,1,KES,162.77,1.0,8,8,建筑工程,General installation works - Vol.4 Electrical equipment installation,height electricity,electricity
850001,TDJC-S-1,Equipment,General,machine-shift,256.33,256.33,256.33,256.33,1,KES,788.23,3.075,8,8,建筑工程,General installation works - Vol.9 Fire protection,,
040032,DM1 brick 190×240×90,Material,General,pcs,11.28,11.28,11.28,11.28,1,KES,1541.86,136.705,8,8,建筑工程,Masonry works,,
040036,DMp brick 190×90×40,Material,General,pcs,2.69,2.69,2.69,2.69,1,KES,121.33,45.08,8,8,建筑工程,Masonry works,,
850004,electricity WYK-6005,Equipment,General,machine-shift,349.9,349.9,349.9,349.9,1,KES,9884.57,28.25,8,8,建筑工程,General installation works - Vol.9 Fire protection,,
090493,galvanized 20,Material,General,pcs,6.92,6.92,6.92,6.92,1,KES,56.48,8.16,8,8,建筑工程,General installation works - Vol.4 Electrical equipment installation,dry installation,
800167,concrete spraying 5m3/h,Equipment,General,machine-shift,308.88,308.88,308.88,308.88,1,KES,11.82,0.0383,8,8,建筑工程,ground treatment and slope support,foundation pit,"spraying concrete, cement mortar"
090001,composite 25 within,Material,General,pcs,13.07,13.07,13.07,13.07,1,KES,13.47,1.03,8,8,建筑工程,"General installation works - Vol.10 Water supply, drainage, heating, gas",water installation,
110008,paint,Material,Paint & Coatings,kg,199.94,199.94,199.94,199.94,1,KES,9.97,0.0499,8,8,建筑工程,timber-structure works,timber structural,ground stone
030087,timber,Material,Wood & Timber,m3,13431.91,13431.91,13431.91,13431.91,1,KES,1276.03,0.095,8,8,建筑工程,General installation works - Vol.4 Electrical equipment installation,,
090142,galvanized with bolt 20×(85 100),Material,Fasteners,set,45.76,45.76,45.76,45.76,1,KES,186.68,4.08,8,8,建筑工程,General installation works - Vol.4 Electrical equipment installation,dry installation,
110478,metal fluorocarbon paint topcoat,Material,Steel & Metal,kg,1153.5,1153.5,1153.5,1153.5,1,KES,219.17,0.19,8,8,建筑工程,"painting, coating and wallpapering works",,"metal door, window paint"
060084,wall thickness type facing tile (7 9mm) each unit area 0.06m2 within,Material,General,m2,1025.34,1025.34,1025.34,1025.34,1,KES,1010.98,0.986,8,8,建筑工程,"wall and column finishes, partitions and curtain walls",wall block-facing layer,block facing wall surface
060083,wall type facing tile (5 6mm) each unit area 0.06m2 beyond,Material,General,m2,1025.34,1025.34,1025.34,1025.34,1,KES,1020.21,0.995,8,8,建筑工程,"wall and column finishes, partitions and curtain walls",wall block-facing layer,block facing wall surface
060082,wall type facing tile (5 6mm) each unit area 0.06m2 within,Material,General,m2,1025.34,1025.34,1025.34,1025.34,1,KES,1010.98,0.986,8,8,建筑工程,"wall and column finishes, partitions and curtain walls",wall block-facing layer,block facing wall surface
040206,wall stone brick,Material,General,m2,1153.5,1153.5,1153.5,1153.5,1,KES,1092.94,0.9475,8,8,建筑工程,"wall and column finishes, partitions and curtain walls",wall block-facing layer,block facing wall surface
360027,electricity HPYV-ZR10×2×0.5,Material,General,m,37.17,37.17,37.17,37.17,1,KES,379.12,10.2,8,8,建筑工程,General installation works - Vol.11 Communication equipment and lines,,
110479,metal fluorocarbon paint topcoat thinner,Material,Steel & Metal,kg,258.9,258.9,258.9,258.9,1,KES,1.48,0.0057,8,8,建筑工程,"painting, coating and wallpapering works",,"metal door, window paint"
090249,strip,Material,General,m,87.15,87.15,87.15,87.15,1,KES,194.35,2.23,8,8,建筑工程,floor finishing works,floor tiling,
060085,wall thickness type facing tile (7 9mm) each unit area 0.06m2 beyond,Material,General,m2,1025.34,1025.34,1025.34,1025.34,1,KES,1020.21,0.995,8,8,建筑工程,"wall and column finishes, partitions and curtain walls",wall block-facing layer,block facing wall surface
090177,timber nail,Material,Wood & Timber,pcs,0.38,0.38,0.38,0.38,1,KES,2.9,7.545,8,8,建筑工程,General installation works - Vol.4 Electrical equipment installation,"installation (030904004, 030904005)",
090570,galvanized 5,Material,General,pcs,1.92,1.92,1.92,1.92,1,KES,7.84,4.08,8,8,建筑工程,General installation works - Vol.4 Electrical equipment installation,,
060050,wall facing tile 0.06m2 beyond,Material,General,m2,1153.5,1153.5,1153.5,1153.5,1,KES,1105.92,0.9588,8,8,建筑工程,"wall and column finishes, partitions and curtain walls",column (beam) surface tiling block facing,block facing column surface
060086,finished product type stone slab 5mm,Material,General,m2,1794.34,1794.34,1794.34,1794.34,1,KES,1839.2,1.025,8,8,建筑工程,"wall and column finishes, partitions and curtain walls",column (beam) surface tiling block facing,stone slab column surface
050024,glass strip,Material,Glass,m,2.56,2.56,2.56,2.56,1,KES,5.72,2.23,8,8,建筑工程,floor finishing works,floor tiling,
110615,sealing paint,Material,Paint & Coatings,kg,463.96,463.96,463.96,463.96,1,KES,90.47,0.195,8,8,建筑工程,"painting, coating and wallpapering works",,"metal door, window paint"
800016,submersible pump 100,Equipment,Pumps,machine-shift,161.49,161.49,161.49,161.49,1,KES,108.45,0.6715,8,8,建筑工程,Piling works,bored pile,water
010146,steel,Material,Steel & Metal,pcs,88.05,88.05,88.05,88.05,1,KES,5.95,0.0676,8,8,建筑工程,General installation works - Vol.4 Electrical equipment installation,,
220004,splice 20,Material,General,pcs,61.14,61.14,61.14,61.14,1,KES,92.62,1.515,8,8,建筑工程,"General installation works - Vol.10 Water supply, drainage, heating, gas",water installation,
090704,paint steel pipe,Material,Steel & Metal,m,128.17,128.17,128.17,128.17,1,KES,899.45,7.0178,8,8,建筑工程,other decoration works,"handrail, railing, decorative railing panel","metal handrail, railing, railing slab"
090367,75,Material,General,pcs,487.03,487.03,487.03,487.03,1,KES,371.36,0.7625,8,8,建筑工程,other decoration works,"handrail, railing, decorative railing panel","metal handrail, railing, railing slab"
090348,stainless steel railing 20,Material,Steel & Metal,m,383.22,383.22,383.22,383.22,1,KES,2689.36,7.0178,8,8,建筑工程,other decoration works,"handrail, railing, decorative railing panel","metal handrail, railing, railing slab"
090366,50,Material,General,pcs,472.94,472.94,472.94,472.94,1,KES,612.43,1.295,8,8,建筑工程,other decoration works,"handrail, railing, decorative railing panel","metal handrail, railing, railing slab"
090350,stainless steel railing 50,Material,Steel & Metal,m,1012.52,1012.52,1012.52,1012.52,1,KES,1207.89,1.193,8,8,建筑工程,other decoration works,"handrail, railing, decorative railing panel","metal handrail, railing, railing slab"
090368,20,Material,General,pcs,194.81,194.81,194.81,194.81,1,KES,1653.86,8.4894,8,8,建筑工程,other decoration works,"handrail, railing, decorative railing panel","metal handrail, railing, railing slab"
090499,galvanized 20,Material,General,pcs,1.67,1.67,1.67,1.67,1,KES,6.8,4.08,8,8,建筑工程,General installation works - Vol.4 Electrical equipment installation,dry installation,
090372,railing 50,Material,General,m,2367.25,2367.25,2367.25,2367.25,1,KES,2824.01,1.193,8,8,建筑工程,other decoration works,"handrail, railing, decorative railing panel","metal handrail, railing, railing slab"
100395,ordinary acrylic metal paint thinner,Material,Steel & Metal,kg,214.04,214.04,214.04,214.04,1,KES,4.52,0.0211,8,8,建筑工程,"painting, coating and wallpapering works",paint on plastered surface,paint on plastered surface
800164,concrete,Equipment,General,machine-shift,5280.48,5280.48,5280.48,5280.48,1,KES,412.93,0.0782,7,7,建筑工程,ground treatment and slope support,,
090321,lock,Material,General,pcs,871.54,871.54,871.54,871.54,1,KES,871.54,1.0,7,7,建筑工程,door and window works,hardware installation,
170716,poly,Material,General,kg,239.67,239.67,239.67,239.67,1,KES,23.97,0.1,7,7,建筑工程,General installation works - Vol.11 Communication equipment and lines,,
120020,strip,Material,General,m,5.38,5.38,5.38,5.38,1,KES,33.43,6.2094,7,7,建筑工程,floor finishing works,finish layer,electricity ground slab
050005,glass brick 190×190×95,Material,Glass,pcs,192.25,192.25,192.25,192.25,1,KES,5157.12,26.825,7,7,建筑工程,"wall and column finishes, partitions and curtain walls",partition,glass partition
400403,cement coal crushed stone mixed,Material,Concrete & Cement,m3,4457.65,4457.65,4457.65,4457.65,1,KES,5768.87,1.2942,7,7,建筑工程,ground treatment and slope support,,
080099,T-shaped keel 3.5,Material,General,pcs,16.41,16.41,16.41,16.41,1,KES,21.39,1.3038,7,7,建筑工程,ceiling works,ceiling suspended ceiling,ceiling keel
080014,U-shaped light-gauge steel keel CS50×15,Material,Steel & Metal,m,97.41,97.41,97.41,97.41,1,KES,495.11,5.083,7,7,建筑工程,ceiling works,ceiling suspended ceiling,ceiling keel
850010,PAS5633,Equipment,General,machine-shift,56.52,56.52,56.52,56.52,1,KES,631.43,11.1714,7,7,建筑工程,General installation works - Vol.5 Building intelligence systems,,
850023,BX-14A,Equipment,General,machine-shift,296.83,296.83,296.83,296.83,1,KES,96.47,0.325,7,7,建筑工程,General installation works - Vol.6 Automation control instrumentation,,single
800610,electricity,Equipment,General,machine-shift,1894.31,1894.31,1894.31,1894.31,1,KES,21.65,0.0114,7,7,建筑工程,"wall and column finishes, partitions and curtain walls",curtain wall works,glass curtain wall
091019,ground bolt 24×(150 300),Material,Fasteners,set,99.97,99.97,99.97,99.97,1,KES,407.88,4.08,7,7,建筑工程,General installation works - Vol.7 Ventilation and air conditioning,installation,mixed () installation
110308,adhesive,Material,General,kg,676.72,676.72,676.72,676.72,1,KES,205.27,0.3033,7,7,建筑工程,roofing and waterproofing works,Roof waterproofing and sundries,roof ()
100039,adhesive strip,Material,General,m,89.72,89.72,89.72,89.72,1,KES,77.12,0.8596,7,7,建筑工程,"wall and column finishes, partitions and curtain walls",partition,glass partition
110001,alkyd enamel,Material,Paint & Coatings,kg,243.52,243.52,243.52,243.52,1,KES,77.1,0.3166,7,7,建筑工程,"painting, coating and wallpapering works",paint on plastered surface,paint on plastered surface
120047,decorative slab,Material,General,m2,399.88,399.88,399.88,399.88,1,KES,444.13,1.1107,7,7,建筑工程,"wall and column finishes, partitions and curtain walls",wall facing,wall surface decorative slab
850103,AI-6000D,Equipment,General,machine-shift,2066.05,2066.05,2066.05,2066.05,1,KES,12840.52,6.215,7,7,建筑工程,General installation works - Vol.4 Electrical equipment installation,electricity,
850122,electricity JINDAHLC5501,Equipment,General,machine-shift,458.84,458.84,458.84,458.84,1,KES,549.95,1.1986,7,7,建筑工程,General installation works - Vol.4 Electrical equipment installation,electricity,"10kV, single"
080135,suspended ceiling keel LB35-1P,Material,General,pcs,8.2,8.2,8.2,8.2,1,KES,5.44,0.6634,7,7,建筑工程,ceiling works,ceiling suspended ceiling,suspended ceiling
080251,strip-shaped,Material,General,m,255.05,255.05,255.05,255.05,1,KES,2465.36,9.6661,7,7,建筑工程,ceiling works,ceiling suspended ceiling,suspended ceiling
080134,suspended ceiling keel LB25×40,Material,General,m,63.44,63.44,63.44,63.44,1,KES,55.11,0.8687,7,7,建筑工程,ceiling works,ceiling suspended ceiling,suspended ceiling
850259,"10 s 1000s, 1 s",Equipment,General,machine-shift,98.18,98.18,98.18,98.18,1,KES,308.55,3.1429,7,7,建筑工程,General installation works - Vol.5 Building intelligence systems,,
300038,galvanized angle steel shoring 50×50×5×910,Material,Steel & Metal,pcs,233.26,233.26,233.26,233.26,1,KES,467.93,2.006,7,7,建筑工程,General installation works - Vol.4 Electrical equipment installation,,installation
280064,(steel pipe) 70,Material,Steel & Metal,pcs,10.51,10.51,10.51,10.51,1,KES,1.62,0.1545,7,7,建筑工程,General installation works - Vol.4 Electrical equipment installation,,welding steel pipe
090538,bolt and,Material,Fasteners,kg,104.2,104.2,104.2,104.2,1,KES,255.2,2.4491,7,7,建筑工程,"General installation works - Vol.10 Water supply, drainage, heating, gas",,bracket installation
010407,nail 19×100,Material,Fasteners,set,35.89,35.89,35.89,35.89,1,KES,36.25,1.01,7,7,建筑工程,metal-structure works,steel beam,
100272,poly waterproofing membrane 0.7mm thickness,Material,Waterproofing,m2,166.62,166.62,166.62,166.62,1,KES,202.65,1.2162,7,7,建筑工程,roofing and waterproofing works,Roof waterproofing and sundries,roof membrane waterproofing
280264,galvanized steel pipe splice 70,Material,Steel & Metal,pcs,66.78,66.78,66.78,66.78,1,KES,10.32,0.1545,7,7,建筑工程,General installation works - Vol.4 Electrical equipment installation,,galvanized steel pipe
040046,KP1 perforated brick 180×115×90,Material,General,pcs,10.77,10.77,10.77,10.77,1,KES,296.47,27.5371,7,7,建筑工程,Masonry works,,
040045,KP1 perforated brick 240×115×90,Material,General,pcs,10.13,10.13,10.13,10.13,1,KES,2705.54,267.2086,7,7,建筑工程,Masonry works,,
280265,galvanized steel pipe splice 80,Material,Steel & Metal,pcs,92.28,92.28,92.28,92.28,1,KES,14.26,0.1545,7,7,建筑工程,General installation works - Vol.4 Electrical equipment installation,,galvanized steel pipe
280266,galvanized steel pipe splice 100,Material,Steel & Metal,pcs,146.11,146.11,146.11,146.11,1,KES,22.57,0.1545,7,7,建筑工程,General installation works - Vol.4 Electrical equipment installation,,galvanized steel pipe
190010,100,Material,General,pcs,20760.5,20760.5,20760.5,20760.5,1,KES,415.21,0.02,7,7,建筑工程,General installation works - Vol.9 Fire protection,,
850120,TSGC-30kVA,Equipment,General,machine-shift,184.56,184.56,184.56,184.56,1,KES,253.64,1.3743,7,7,建筑工程,General installation works - Vol.4 Electrical equipment installation,electricity,
400064,SF poly waterproofing mortar,Material,Concrete & Cement,m3,8330.86,8330.86,8330.86,8330.86,1,KES,417.38,0.0501,7,7,建筑工程,roofing and waterproofing works,Roof waterproofing and sundries,roof waterproofing
020109,hollow block,Material,General,m3,2819.68,2819.68,2819.68,2819.68,1,KES,1830.78,0.6493,7,7,建筑工程,Masonry works,block masonry,
020097,hollow special-shaped block,Material,General,m3,3076.01,3076.01,3076.01,3076.01,1,KES,455.51,0.1481,7,7,建筑工程,Masonry works,block masonry,
250005,"(with, with) 25MPa",Material,General,set,7538.79,7538.79,7538.79,7538.79,1,KES,301.55,0.04,7,7,建筑工程,General installation works - Vol.9 Fire protection,,
800441,crawler crane 50t,Equipment,Cranes,machine-shift,14918.65,14918.65,14918.65,14918.65,1,KES,364.02,0.0244,7,7,建筑工程,Preliminaries and site measures,vertical transport,vertical transport
800065,electricity,Equipment,General,machine-shift,1102.24,1102.24,1102.24,1102.24,1,KES,236.89,0.2149,7,7,建筑工程,"General installation works - Vol.10 Water supply, drainage, heating, gas",,
090599,nut,Material,Fasteners,kg,119.45,119.45,119.45,119.45,1,KES,142.28,1.1911,7,7,建筑工程,"General installation works - Vol.10 Water supply, drainage, heating, gas",,bracket installation
800523,800T pile,Equipment,General,machine-shift,42655.29,42655.29,42655.29,42655.29,1,KES,2776.01,0.0651,7,7,建筑工程,Piling works,,
010063,galvanized steel pipe 150,Material,Steel & Metal,m,1207.33,1207.33,1207.33,1207.33,1,KES,1383.26,1.1457,7,7,建筑工程,General installation works - Vol.4 Electrical equipment installation,,electricity fabrication installation
090129,galvanized with bolt 12×(40 60),Material,Fasteners,set,9.61,9.61,9.61,9.61,1,KES,73.44,7.64,7,7,建筑工程,General installation works - Vol.4 Electrical equipment installation,installation,
180018,galvanized splice 15,Material,General,pcs,41.53,41.53,41.53,41.53,1,KES,71.9,1.7314,7,7,建筑工程,"General installation works - Vol.10 Water supply, drainage, heating, gas",water,water ()
810181,cement stone (stone),Material,Concrete & Cement,m3,4101.35,4101.35,4101.35,4101.35,1,KES,43.88,0.0107,7,7,建筑工程,"wall and column finishes, partitions and curtain walls",Plastering,decorative wall plastering
030122,timber slab round 25×5,Material,Wood & Timber,m,48.06,48.06,48.06,48.06,1,KES,640.8,13.3326,7,7,建筑工程,other decoration works,,wall
070061,mirror finish stainless steel moulding 30mm within,Material,Steel & Metal,m,217.88,217.88,217.88,217.88,1,KES,334.45,1.535,7,7,建筑工程,other decoration works,decorative moulding,metal decorative moulding
060096,finished product thickness stone slab 100mm,Material,General,m2,2819.68,2819.68,2819.68,2819.68,1,KES,2876.07,1.02,7,7,建筑工程,"wall and column finishes, partitions and curtain walls",wall block-facing layer,stone slab wall surface
110175,joint filling,Material,General,kg,41.01,41.01,41.01,41.01,1,KES,1.94,0.0474,7,7,建筑工程,floor finishing works,decorative steps,levelling layer
050021,float glass 12mm,Material,Glass,m2,858.72,858.72,858.72,858.72,1,KES,588.22,0.685,7,7,建筑工程,door and window works,,wall
030029,timber,Material,Wood & Timber,m3,7690.02,7690.02,7690.02,7690.02,1,KES,27.3,0.0036,7,7,建筑工程,ground treatment and slope support,finish layer,timber ground slab
040001,brick,Material,General,pcs,7.43,7.43,7.43,7.43,1,KES,847.74,114.04,7,7,建筑工程,floor finishing works,finish layer,timber ground slab
800282,with bulldozer 75kW,Equipment,Bulldozers,machine-shift,5864.93,5864.93,5864.93,5864.93,1,KES,48.56,0.0083,7,7,建筑工程,earthwork and rock works,backfill,ground backfill
110786,anti-rust paint,Material,Paint & Coatings,kg,287.09,287.09,287.09,287.09,1,KES,140.48,0.4893,6,6,建筑工程,"General installation works - Vol.12 Painting, anti-corrosion, thermal insulation",,
110073,enamel,Material,Paint & Coatings,kg,380.66,380.66,380.66,380.66,1,KES,176.88,0.4647,6,6,建筑工程,"General installation works - Vol.12 Painting, anti-corrosion, thermal insulation",,
110294,coating,Material,General,kg,78.31,78.31,78.31,78.31,1,KES,7.64,0.0975,6,6,建筑工程,"General installation works - Vol.12 Painting, anti-corrosion, thermal insulation",,type coating
030073,timber beading (nail),Material,Wood & Timber,m,13.84,13.84,13.84,13.84,1,KES,31.08,2.245,6,6,建筑工程,floor finishing works,finish layer,ground
130008,alkali-resistant 50mm width,Material,General,m,1.03,1.03,1.03,1.03,1,KES,1.13,1.1,6,6,建筑工程,"painting, coating and wallpapering works",paint on plastered surface,paint on plastered surface
370240,facing slab window,Material,Glass,m,897.17,897.17,897.17,897.17,1,KES,897.17,1.0,6,6,建筑工程,door and window works,"window, window",
090320,lock,Material,General,pcs,279.4,279.4,279.4,279.4,1,KES,279.4,1.0,6,6,建筑工程,door and window works,hardware installation,
090323,door positioning,Material,General,pcs,280.69,280.69,280.69,280.69,1,KES,280.69,1.0,6,6,建筑工程,door and window works,hardware installation,
090325,ground,Material,General,pcs,1025.34,1025.34,1025.34,1025.34,1,KES,1025.34,1.0,6,6,建筑工程,door and window works,hardware installation,
090327,door,Material,General,pcs,192.25,192.25,192.25,192.25,1,KES,192.25,1.0,6,6,建筑工程,door and window works,hardware installation,
090329,slab,Material,General,pcs,307.6,307.6,307.6,307.6,1,KES,307.6,1.0,6,6,建筑工程,door and window works,hardware installation,
090443,round,Material,General,pcs,2050.67,2050.67,2050.67,2050.67,1,KES,2050.67,1.0,6,6,建筑工程,door and window works,hardware installation,
370190,door type hinge,Material,General,pcs,1025.34,1025.34,1025.34,1025.34,1,KES,1025.34,1.0,6,6,建筑工程,door and window works,hardware installation,
370232,timber slab,Material,Wood & Timber,m2,1538.0,1538.0,1538.0,1538.0,1,KES,1538.0,1.0,6,6,建筑工程,door and window works,door window,
370233,stainless steel window,Material,Steel & Metal,m2,10599.42,10599.42,10599.42,10599.42,1,KES,10599.42,1.0,6,6,建筑工程,door and window works,door window,
370234,timber slab,Material,Wood & Timber,m2,1281.67,1281.67,1281.67,1281.67,1,KES,1281.67,1.0,6,6,建筑工程,door and window works,door window,
370235,stainless steel window,Material,Steel & Metal,m2,10599.42,10599.42,10599.42,10599.42,1,KES,10599.42,1.0,6,6,建筑工程,door and window works,window slab,
370236,timber window slab,Material,Wood & Timber,m2,1538.0,1538.0,1538.0,1538.0,1,KES,1538.0,1.0,6,6,建筑工程,door and window works,window slab,
110777,gypsum brushing,Material,General,kg,15.38,15.38,15.38,15.38,1,KES,0.05,0.0033,6,6,建筑工程,"wall and column finishes, partitions and curtain walls",column (beam) surface plastering,beam and column surface general plastering
810240,1: 1: 4 composite mortar,Material,Concrete & Cement,m3,3716.85,3716.85,3716.85,3716.85,1,KES,12.27,0.0033,6,6,建筑工程,"wall and column finishes, partitions and curtain walls",column (beam) surface plastering,beam and column surface general plastering
110619,coating layer,Material,General,kg,256.33,256.33,256.33,256.33,1,KES,528.05,2.06,6,6,建筑工程,floor finishing works,,
180001,galvanized 15,Material,General,pcs,10.25,10.25,10.25,10.25,1,KES,10.36,1.01,6,6,建筑工程,"General installation works - Vol.10 Water supply, drainage, heating, gas",water,water ()
390191,precast concrete water 250,Material,Concrete & Cement,pcs,576.75,576.75,576.75,576.75,1,KES,335.27,0.5813,6,6,建筑工程,Piling works,bored pile,
010570,formwork,Material,General,kg,89.72,89.72,89.72,89.72,1,KES,298.76,3.33,6,6,建筑工程,Piling works,bored pile,
800013,electric winch single 1t,Equipment,Hoists,machine-shift,1321.4,1321.4,1321.4,1321.4,1,KES,565.76,0.4282,6,6,建筑工程,Piling works,bored pile,
060003,floor brick 0.16m2 beyond,Material,General,m2,999.7,999.7,999.7,999.7,1,KES,1019.7,1.02,6,6,建筑工程,floor finishing works,floor tiling,
060039,type stone slab 5mm,Material,General,m2,1794.34,1794.34,1794.34,1794.34,1,KES,1830.23,1.02,6,6,建筑工程,"wall and column finishes, partitions and curtain walls",wall block-facing layer,stone slab wall surface
130042,bagged,Material,General,m3,2819.68,2819.68,2819.68,2819.68,1,KES,143.8,0.051,6,6,建筑工程,Thermal insulation and anti-corrosion works,,ceiling
130045,bagged glass,Material,Glass,m3,5024.15,5024.15,5024.15,5024.15,1,KES,256.23,0.051,6,6,建筑工程,Thermal insulation and anti-corrosion works,,ceiling
100037,adhesive 2,Material,General,m2,284.53,284.53,284.53,284.53,1,KES,13.28,0.0467,6,6,建筑工程,General installation works - Vol.9 Fire protection,and electrical () installation,
040033,DM2 brick 190×190×90,Material,General,pcs,10.25,10.25,10.25,10.25,1,KES,1939.83,189.19,6,6,建筑工程,Masonry works,,
040034,DM3 brick 190×140×90,Material,General,pcs,8.97,8.97,8.97,8.97,1,KES,1619.75,180.54,6,6,建筑工程,Masonry works,,
040035,DM4 brick 190×90×90,Material,General,pcs,6.92,6.92,6.92,6.92,1,KES,1611.46,232.835,6,6,建筑工程,Masonry works,,
800233,159,Equipment,General,machine-shift,189.69,189.69,189.69,189.69,1,KES,6.64,0.035,6,6,建筑工程,"General installation works - Vol.10 Water supply, drainage, heating, gas",,square fabrication installation ()
110475,stone,Material,General,kg,102.53,102.53,102.53,102.53,1,KES,170.46,1.6625,6,6,建筑工程,"wall and column finishes, partitions and curtain walls",Plastering,general plastering
370237,timber slab window slab,Material,Wood & Timber,m2,1281.67,1281.67,1281.67,1281.67,1,KES,1281.67,1.0,6,6,建筑工程,door and window works,window slab,
370186,window (),Material,Glass,m2,704.92,704.92,704.92,704.92,1,KES,704.92,1.0,6,6,建筑工程,door and window works,"window, window",
370188,window,Material,Glass,m,281.97,281.97,281.97,281.97,1,KES,281.97,1.0,6,6,建筑工程,door and window works,"window, window",
370189,aluminium alloy window,Material,Glass,m,897.17,897.17,897.17,897.17,1,KES,897.17,1.0,6,6,建筑工程,door and window works,"window, window",
370238,timber window,Material,Wood & Timber,m,1217.59,1217.59,1217.59,1217.59,1,KES,1217.59,1.0,6,6,建筑工程,door and window works,"window, window",
370239,timber window,Material,Wood & Timber,m,1089.42,1089.42,1089.42,1089.42,1,KES,1089.42,1.0,6,6,建筑工程,door and window works,"window, window",
370197,electricity window,Material,Glass,set,102533.66,102533.66,102533.66,102533.66,1,KES,102533.66,1.0,6,6,建筑工程,door and window works,hardware installation,
110231,polyurethane,Material,General,pcs,180.72,180.72,180.72,180.72,1,KES,55.66,0.308,6,6,建筑工程,door and window works,,
370198,steel,Material,Steel & Metal,kg,76.9,76.9,76.9,76.9,1,KES,115.35,1.5,6,6,建筑工程,door and window works,,
370199,glass,Material,Glass,m2,5767.52,5767.52,5767.52,5767.52,1,KES,5767.52,1.0,6,6,建筑工程,door and window works,,
110015,polymer-based ground slab paint,Material,Paint & Coatings,kg,279.4,279.4,279.4,279.4,1,KES,14.39,0.0515,6,6,建筑工程,"painting, coating and wallpapering works",timber surface paint,timber ground slab paint
110791,acrylic topcoat,Material,General,kg,384.5,384.5,384.5,384.5,1,KES,113.43,0.295,6,6,建筑工程,"painting, coating and wallpapering works",metal surface paint,"metal surface, steel structural paint"
080270,slab 50mm,Material,General,m2,1666.17,1666.17,1666.17,1666.17,1,KES,1732.82,1.04,6,6,建筑工程,Thermal insulation and anti-corrosion works,,ceiling
080271,slab 50mm,Material,General,m2,1666.17,1666.17,1666.17,1666.17,1,KES,1732.82,1.04,6,6,建筑工程,Thermal insulation and anti-corrosion works,,ceiling
800041,slab 2×1600,Equipment,General,machine-shift,134.58,134.58,134.58,134.58,1,KES,1.35,0.01,6,6,建筑工程,General installation works - Vol.7 Ventilation and air conditioning,wall,
110126,height 40L,Material,General,bottle,244.8,244.8,244.8,244.8,1,KES,479.4,1.9583,6,6,建筑工程,General installation works - Vol.9 Fire protection,,
040038,90 thickness concrete type hollow block,Material,Concrete & Cement,m3,2947.84,2947.84,2947.84,2947.84,1,KES,2741.49,0.93,6,6,建筑工程,Masonry works,block masonry,
040039,190 thickness concrete type hollow block,Material,Concrete & Cement,m3,3011.93,3011.93,3011.93,3011.93,1,KES,2801.09,0.93,6,6,建筑工程,Masonry works,block masonry,
040040,190 thickness decorative concrete hollow block,Material,Concrete & Cement,m3,5656.01,5656.01,5656.01,5656.01,1,KES,5260.09,0.93,6,6,建筑工程,Masonry works,block masonry,
040047,90 thickness decorative concrete hollow block,Material,Concrete & Cement,m3,7351.66,7351.66,7351.66,7351.66,1,KES,6837.05,0.93,6,6,建筑工程,Masonry works,block masonry,
020098,plastering hollow block,Material,General,m3,3588.68,3588.68,3588.68,3588.68,1,KES,2903.31,0.809,6,6,建筑工程,Masonry works,block masonry,
020099,plastering hollow special-shaped block,Material,General,m3,3716.85,3716.85,3716.85,3716.85,1,KES,705.53,0.1898,6,6,建筑工程,Masonry works,block masonry,
020100,decorative plaster block,Material,General,m3,6344.27,6344.27,6344.27,6344.27,1,KES,5132.51,0.809,6,6,建筑工程,Masonry works,block masonry,
020101,decorative plaster special-shaped block,Material,General,m3,6664.69,6664.69,6664.69,6664.69,1,KES,1266.29,0.19,6,6,建筑工程,Masonry works,block masonry,
050004,glass decorative slab (brick) floor,Material,Glass,m2,6408.35,6408.35,6408.35,6408.35,1,KES,6472.44,1.01,6,6,建筑工程,floor finishing works,floor tiling,
060038,type stone slab 8 12mm,Material,General,m2,1922.51,1922.51,1922.51,1922.51,1,KES,1960.96,1.02,6,6,建筑工程,"wall and column finishes, partitions and curtain walls",wall block-facing layer,stone slab wall surface
080743,decorative slab facing tile slab,Material,General,m2,4614.01,4614.01,4614.01,4614.01,1,KES,4844.72,1.05,6,6,建筑工程,"wall and column finishes, partitions and curtain walls",wall facing,wall surface decorative slab
080740,decorative slab fluorocarbon spraying coating aluminium slab surface,Material,General,m2,5767.52,5767.52,5767.52,5767.52,1,KES,6055.89,1.05,6,6,建筑工程,"wall and column finishes, partitions and curtain walls",wall facing,wall surface decorative slab
100362,adhesive slab 6,Material,General,kg,82.03,82.03,82.03,82.03,1,KES,9.93,0.121,6,6,建筑工程,General installation works - Vol.7 Ventilation and air conditioning,installation,installation
040073,brick,Material,General,m3,410.13,410.13,410.13,410.13,1,KES,9.43,0.023,6,6,建筑工程,concrete and reinforced concrete works,cast-in-situ concrete structural,
400014,C30 stone concrete,Material,Concrete & Cement,m3,5571.42,5571.42,5571.42,5571.42,1,KES,565.96,0.1016,6,6,建筑工程,concrete and reinforced concrete works,cast-in-situ concrete structural,
130114,8501 sealant strip,Material,Rubber,m,14.1,14.1,14.1,14.1,1,KES,17.41,1.2346,6,6,建筑工程,General installation works - Vol.7 Ventilation and air conditioning,,"steel plate rectangular installation (1.2mm within, )"
040080,dressed stone slab 20 25,Material,General,m2,724.14,724.14,724.14,724.14,1,KES,745.87,1.03,6,6,建筑工程,Masonry works,stone masonry,
090461,stainless steel nail 8,Material,Steel & Metal,pcs,2.44,2.44,2.44,2.44,1,KES,21.68,8.904,6,6,建筑工程,"wall and column finishes, partitions and curtain walls",column (beam) surface tiling block facing,stone slab column surface
091464,stainless steel T type,Material,Steel & Metal,kg,307.6,307.6,307.6,307.6,1,KES,32.85,0.1068,6,6,建筑工程,"wall and column finishes, partitions and curtain walls",wall facing,wall surface decorative slab
080298,Z type keel,Material,General,m,114.07,114.07,114.07,114.07,1,KES,675.06,5.918,6,6,建筑工程,Thermal insulation and anti-corrosion works,,ceiling
090933,8 nail,Material,Fasteners,set,12.82,12.82,12.82,12.82,1,KES,49.68,3.876,6,6,建筑工程,Thermal insulation and anti-corrosion works,,ceiling
080737,decorative granite slab,Material,General,m2,5767.52,5767.52,5767.52,5767.52,1,KES,6055.89,1.05,6,6,建筑工程,"wall and column finishes, partitions and curtain walls",wall facing,wall surface decorative slab
080738,decorative slab slab,Material,General,m2,4614.01,4614.01,4614.01,4614.01,1,KES,4844.72,1.05,6,6,建筑工程,"wall and column finishes, partitions and curtain walls",wall facing,wall surface decorative slab
080741,decorative slab coating surface ordinary slab,Material,General,m2,3588.68,3588.68,3588.68,3588.68,1,KES,3768.11,1.05,6,6,建筑工程,"wall and column finishes, partitions and curtain walls",wall facing,wall surface decorative slab
080742,decorative slab facing tile slab,Material,General,m2,4101.35,4101.35,4101.35,4101.35,1,KES,4306.41,1.05,6,6,建筑工程,"wall and column finishes, partitions and curtain walls",wall facing,wall surface decorative slab
110792,fluorocarbon paint topcoat,Material,Paint & Coatings,kg,1153.5,1153.5,1153.5,1153.5,1,KES,408.34,0.354,6,6,建筑工程,"painting, coating and wallpapering works",metal surface paint,"metal surface, steel structural paint"
110790,fluorocarbon paint thinner,Material,Paint & Coatings,kg,258.9,258.9,258.9,258.9,1,KES,11.46,0.0442,6,6,建筑工程,"painting, coating and wallpapering works",metal surface paint,"metal surface, steel structural paint"
070048,aluminium alloy decorative strip,Material,General,m,51.27,51.27,51.27,51.27,1,KES,210.45,4.1049,6,6,建筑工程,"painting, coating and wallpapering works",,
050016,mirror 5mm,Material,General,m2,640.84,640.84,640.84,640.84,1,KES,874.74,1.365,6,6,建筑工程,other decoration works,,frame
150066,strip,Material,General,m,13.84,13.84,13.84,13.84,1,KES,24.08,1.7397,6,6,建筑工程,door and window works,and installation,installation
040004,cement,Material,Concrete & Cement,m2,311.45,311.45,311.45,311.45,1,KES,320.79,1.03,6,6,建筑工程,roofing and waterproofing works,,
040121,(substrate),Material,General,m2,1153.5,1153.5,1153.5,1153.5,1,KES,1188.11,1.03,6,6,建筑工程,roofing and waterproofing works,,
090237,galvanized iron wire mesh,Material,Steel & Metal,m2,158.93,158.93,158.93,158.93,1,KES,163.69,1.03,6,6,建筑工程,roofing and waterproofing works,,
370086,door,Material,General,set,358867.82,358867.82,358867.82,358867.82,1,KES,358867.82,1.0,6,6,建筑工程,door and window works,hardware installation,
370107,door electricity,Material,General,set,25633.42,25633.42,25633.42,25633.42,1,KES,25633.42,1.0,6,6,建筑工程,door and window works,hardware installation,
370192,door ground lock,Material,General,pcs,4614.01,4614.01,4614.01,4614.01,1,KES,4614.01,1.0,6,6,建筑工程,door and window works,hardware installation,
090436,door,Material,General,m,294.78,294.78,294.78,294.78,1,KES,312.47,1.06,6,6,建筑工程,door and window works,hardware installation,
390164,precast concrete slab,Material,Concrete & Cement,m3,24351.75,24351.75,24351.75,24351.75,1,KES,24351.75,1.0,6,6,建筑工程,concrete and reinforced concrete works,precast concrete slab,
390012,round slab,Material,General,m3,18212.54,18212.54,18212.54,18212.54,1,KES,18212.54,1.0,6,6,建筑工程,concrete and reinforced concrete works,precast concrete slab,
390013,length round slab,Material,General,m3,22647.12,22647.12,22647.12,22647.12,1,KES,22647.12,1.0,6,6,建筑工程,concrete and reinforced concrete works,precast concrete slab,
390014,length round slab,Material,General,m3,24172.31,24172.31,24172.31,24172.31,1,KES,24172.31,1.0,6,6,建筑工程,concrete and reinforced concrete works,precast concrete slab,
390015,-shaped slab,Material,General,m3,26915.09,26915.09,26915.09,26915.09,1,KES,26915.09,1.0,6,6,建筑工程,concrete and reinforced concrete works,precast concrete slab,
390139,SP(D) hollow slab,Material,General,m3,23864.71,23864.71,23864.71,23864.71,1,KES,23864.71,1.0,6,6,建筑工程,concrete and reinforced concrete works,precast concrete slab,
390165,window slab,Material,Glass,m3,23070.07,23070.07,23070.07,23070.07,1,KES,23070.07,1.0,6,6,建筑工程,concrete and reinforced concrete works,precast concrete slab,
850207,DP1-601,Equipment,General,machine-shift,887.56,887.56,887.56,887.56,1,KES,341.71,0.385,6,6,建筑工程,General installation works - Vol.6 Automation control instrumentation,,
370113,door electricity,Material,General,set,52548.5,52548.5,52548.5,52548.5,1,KES,52548.5,1.0,6,6,建筑工程,door and window works,hardware installation,
370194,lock,Material,General,set,1217.59,1217.59,1217.59,1217.59,1,KES,1217.59,1.0,6,6,建筑工程,door and window works,hardware installation,
370195,hinge,Material,General,set,640.84,640.84,640.84,640.84,1,KES,640.84,1.0,6,6,建筑工程,door and window works,hardware installation,
040122,cement-shaped slab,Material,Concrete & Cement,m2,1281.67,1281.67,1281.67,1281.67,1,KES,1320.12,1.03,6,6,建筑工程,roofing and waterproofing works,,
040123,cement-shaped slab,Material,Concrete & Cement,pcs,1153.5,1153.5,1153.5,1153.5,1,KES,334.52,0.29,6,6,建筑工程,roofing and waterproofing works,,
091063,gutter strip,Material,General,pcs,130.73,130.73,130.73,130.73,1,KES,38.43,0.294,6,6,建筑工程,roofing and waterproofing works,,
110437,-shaped,Material,General,m2,1025.34,1025.34,1025.34,1025.34,1,KES,1056.1,1.03,6,6,建筑工程,roofing and waterproofing works,,
110438,-shaped,Material,General,pcs,704.92,704.92,704.92,704.92,1,KES,204.43,0.29,6,6,建筑工程,roofing and waterproofing works,,
110439,flat plate-shaped,Material,General,m2,704.92,704.92,704.92,704.92,1,KES,726.07,1.03,6,6,建筑工程,roofing and waterproofing works,,
110440,flat plate-shaped,Material,General,pcs,487.03,487.03,487.03,487.03,1,KES,141.24,0.29,6,6,建筑工程,roofing and waterproofing works,,
110441,T type composite,Material,General,m2,1089.42,1089.42,1089.42,1089.42,1,KES,1122.1,1.03,6,6,建筑工程,roofing and waterproofing works,,
110557,slab,Material,General,m,576.75,576.75,576.75,576.75,1,KES,83.17,0.1442,6,6,建筑工程,roofing and waterproofing works,,
110448,polyurethane,Material,General,m2,64.08,64.08,64.08,64.08,1,KES,53.4,0.8333,6,6,建筑工程,roofing and waterproofing works,,profile and other items roof
080185,paper-faced gypsum board strip 50×12,Material,Wood & Timber,m,14.74,14.74,14.74,14.74,1,KES,34.4,2.3342,6,6,建筑工程,"wall and column finishes, partitions and curtain walls",wall facing,wall surface decorative slab
110145,KF80 putty,Material,General,kg,8.46,8.46,8.46,8.46,1,KES,0.4,0.047,6,6,建筑工程,"wall and column finishes, partitions and curtain walls",wall facing,wall surface decorative slab
800550,timber thickness planer single surface width 600mm,Equipment,General,machine-shift,153.8,153.8,153.8,153.8,1,KES,3.07,0.02,6,6,建筑工程,"wall and column finishes, partitions and curtain walls",wall facing,wall surface decorative slab
800022,air compressor 0.6m3/min,Equipment,Compressors,machine-shift,196.1,196.1,196.1,196.1,1,KES,37.26,0.19,6,6,建筑工程,General installation works - Vol.6 Automation control instrumentation,,
850200,composite,Equipment,General,machine-shift,76.26,76.26,76.26,76.26,1,KES,14.49,0.19,6,6,建筑工程,General installation works - Vol.6 Automation control instrumentation,,
850202,910B,Equipment,General,machine-shift,493.7,493.7,493.7,493.7,1,KES,187.61,0.38,6,6,建筑工程,General installation works - Vol.6 Automation control instrumentation,,
390016,flat plate,Material,General,m3,23198.24,23198.24,23198.24,23198.24,1,KES,23198.24,1.0,6,6,建筑工程,concrete and reinforced concrete works,precast concrete slab,
390023,balcony railing slab,Material,General,m3,43082.08,43082.08,43082.08,43082.08,1,KES,43082.08,1.0,6,6,建筑工程,concrete and reinforced concrete works,precast concrete slab,
390026,gutter,Material,General,m3,22938.06,22938.06,22938.06,22938.06,1,KES,22938.06,1.0,6,6,建筑工程,concrete and reinforced concrete works,precast concrete slab,
390138,canopy,Material,General,m3,21660.24,21660.24,21660.24,21660.24,1,KES,21660.24,1.0,6,6,建筑工程,concrete and reinforced concrete works,precast concrete slab,
090154,bolt 14×150,Material,Fasteners,set,126.76,126.76,126.76,126.76,1,KES,191.4,1.51,6,6,建筑工程,concrete and reinforced concrete works,structural,
850211,electricity electricity 2553,Equipment,General,machine-shift,336.31,336.31,336.31,336.31,1,KES,305.49,0.9084,6,6,建筑工程,General installation works - Vol.6 Automation control instrumentation,,single
130891,timber decorative slab,Material,Wood & Timber,m2,5126.68,5126.68,5126.68,5126.68,1,KES,5485.55,1.07,6,6,建筑工程,"wall and column finishes, partitions and curtain walls",wall facing,wall surface decorative slab
130892,gypsum slab,Material,General,m2,365.28,365.28,365.28,365.28,1,KES,383.54,1.05,6,6,建筑工程,"wall and column finishes, partitions and curtain walls",wall facing,wall surface decorative slab
110788,polyurethane woodwork topcoat thinner,Material,Wood & Timber,kg,187.12,187.12,187.12,187.12,1,KES,0.91,0.0048,6,6,建筑工程,"painting, coating and wallpapering works",timber handrail and other items slab strips and mouldings paint,"mirror moulding, window, single timber moulding paint"
110834,water-based acrylic woodwork primer,Material,Wood & Timber,kg,211.48,211.48,211.48,211.48,1,KES,20.02,0.0946,6,6,建筑工程,"painting, coating and wallpapering works",timber surface paint,"timber slab, fibreboard, plywood ceiling paint"
070053,aluminium alloy moulding 30mm within,Material,General,m,85.49,85.49,85.49,85.49,1,KES,88.05,1.03,6,6,建筑工程,other decoration works,decorative moulding,metal decorative moulding
070054,aluminium alloy moulding 30mm beyond,Material,General,m,116.5,116.5,116.5,116.5,1,KES,120.0,1.03,6,6,建筑工程,other decoration works,decorative moulding,metal decorative moulding
070055,mirror finish stainless steel moulding 30mm within,Material,Steel & Metal,m,217.88,217.88,217.88,217.88,1,KES,224.42,1.03,6,6,建筑工程,other decoration works,decorative moulding,metal decorative moulding
070056,mirror finish stainless steel moulding 30mm beyond,Material,Steel & Metal,m,310.16,310.16,310.16,310.16,1,KES,319.47,1.03,6,6,建筑工程,other decoration works,decorative moulding,metal decorative moulding
070057,mirror finish moulding 30mm within,Material,General,m,199.94,199.94,199.94,199.94,1,KES,205.94,1.03,6,6,建筑工程,other decoration works,decorative moulding,metal decorative moulding
070058,mirror finish moulding 30mm beyond,Material,General,m,238.39,238.39,238.39,238.39,1,KES,245.54,1.03,6,6,建筑工程,other decoration works,decorative moulding,metal decorative moulding
070059,aluminium alloy moulding 30mm within,Material,General,m,93.18,93.18,93.18,93.18,1,KES,95.97,1.03,6,6,建筑工程,other decoration works,decorative moulding,metal decorative moulding
070060,aluminium alloy moulding 30mm beyond,Material,General,m,124.32,124.32,124.32,124.32,1,KES,128.05,1.03,6,6,建筑工程,other decoration works,decorative moulding,metal decorative moulding
070062,mirror finish stainless steel moulding 30mm beyond,Material,Steel & Metal,m,310.16,310.16,310.16,310.16,1,KES,319.47,1.03,6,6,建筑工程,other decoration works,decorative moulding,metal decorative moulding
070063,mirror finish moulding 30mm within,Material,General,m,246.08,246.08,246.08,246.08,1,KES,253.46,1.03,6,6,建筑工程,other decoration works,decorative moulding,metal decorative moulding
070064,mirror finish moulding 30mm beyond,Material,General,m,315.29,315.29,315.29,315.29,1,KES,324.75,1.03,6,6,建筑工程,other decoration works,decorative moulding,metal decorative moulding
010387,bracket composite,Material,General,pcs,64.08,64.08,64.08,64.08,1,KES,256.33,4.0,6,6,建筑工程,roofing and waterproofing works,,profile and other items roof
010408,steel with 0.8mm,Material,Steel & Metal,m,128.17,128.17,128.17,128.17,1,KES,16.95,0.1323,6,6,建筑工程,roofing and waterproofing works,,profile and other items roof
090053,expansion bolt 5,Material,Fasteners,set,8.46,8.46,8.46,8.46,1,KES,34.51,4.08,6,6,建筑工程,General installation works - Vol.5 Building intelligence systems,installation,electrical window installation
010011,galvanized steel moulding,Material,Steel & Metal,kg,86.0,86.0,86.0,86.0,1,KES,17981.76,209.09,6,6,建筑工程,General installation works - Vol.5 Building intelligence systems,,
010003,with reinforcing steel,Material,Steel & Metal,kg,55.62,55.62,55.62,55.62,1,KES,57015.13,1025.0,6,6,建筑工程,concrete and reinforced concrete works,reinforcing steel works,
080141,aluminium alloy keel 60×30,Material,General,m,68.44,68.44,68.44,68.44,1,KES,236.86,3.4607,6,6,建筑工程,"wall and column finishes, partitions and curtain walls",column (beam) facing,column (beam) surface decorative
070135,aluminium slab strip 50mm within,Material,General,m,119.84,119.84,119.84,119.84,1,KES,123.43,1.03,6,6,建筑工程,other decoration works,decorative moulding,aluminium decorative moulding
070139,aluminium slab strip 50mm beyond,Material,General,m,160.21,160.21,160.21,160.21,1,KES,165.02,1.03,6,6,建筑工程,other decoration works,decorative moulding,aluminium decorative moulding
080295,aluminium flat moulding 50mm within,Material,General,m,119.84,119.84,119.84,119.84,1,KES,123.43,1.03,6,6,建筑工程,other decoration works,decorative moulding,aluminium decorative moulding
070142,aluminium flat moulding 50mm beyond,Material,General,m,166.62,166.62,166.62,166.62,1,KES,171.62,1.03,6,6,建筑工程,other decoration works,decorative moulding,aluminium decorative moulding
130094,100mm thickness rock wool insulation board,Material,Wood & Timber,m2,2307.01,2307.01,2307.01,2307.01,1,KES,2376.22,1.03,6,6,建筑工程,roofing and waterproofing works,,profile and other items roof
800272,door crane 10t,Equipment,Cranes,machine-shift,3939.86,3939.86,3939.86,3939.86,1,KES,2.63,0.0007,6,6,建筑工程,roofing and waterproofing works,,profile and other items roof
800428,slab 20×4,Equipment,General,machine-shift,1796.9,1796.9,1796.9,1796.9,1,KES,1.2,0.0007,6,6,建筑工程,roofing and waterproofing works,,profile and other items roof
800494,flat plate,Equipment,General,machine-shift,771.57,771.57,771.57,771.57,1,KES,0.33,0.0004,6,6,建筑工程,roofing and waterproofing works,,profile and other items roof
800534,slab,Equipment,General,machine-shift,704.92,704.92,704.92,704.92,1,KES,0.47,0.0007,6,6,建筑工程,roofing and waterproofing works,,profile and other items roof
380011,steel flat,Material,Steel & Metal,t,86147.5,86147.5,86147.5,86147.5,1,KES,86147.5,1.0,6,6,建筑工程,metal-structure works,steel structural,
810075,C20 ordinary concrete,Material,Concrete & Cement,m3,3359.26,3359.26,3359.26,3359.26,1,KES,147.81,0.044,6,6,建筑工程,General installation works - Vol.4 Electrical equipment installation,pit,cast-in-situ concrete pit
850111,LCR ZL6,Equipment,General,machine-shift,76.39,76.39,76.39,76.39,1,KES,158.76,2.0783,6,6,建筑工程,General installation works - Vol.4 Electrical equipment installation,electricity,
850112,electricity JCD4060,Equipment,General,machine-shift,1200.93,1200.93,1200.93,1200.93,1,KES,2495.92,2.0783,6,6,建筑工程,General installation works - Vol.4 Electrical equipment installation,electricity,
850110,electricity,Equipment,General,machine-shift,102.92,102.92,102.92,102.92,1,KES,342.55,3.3283,6,6,建筑工程,General installation works - Vol.4 Electrical equipment installation,electricity,
100114,adhesive,Material,General,m,60.49,60.49,60.49,60.49,1,KES,1.29,0.0213,6,6,建筑工程,"wall and column finishes, partitions and curtain walls",column (beam) facing,column (beam) surface decorative
070143,aluminium moulding 40mm within,Material,General,m,130.73,130.73,130.73,130.73,1,KES,134.65,1.03,6,6,建筑工程,other decoration works,decorative moulding,aluminium decorative moulding
070144,aluminium moulding 40mm beyond,Material,General,m,153.8,153.8,153.8,153.8,1,KES,158.41,1.03,6,6,建筑工程,other decoration works,decorative moulding,aluminium decorative moulding
070034,PVC surface slab strip 50mm within,Material,General,m,92.28,92.28,92.28,92.28,1,KES,95.05,1.03,6,6,建筑工程,other decoration works,decorative moulding,decorative moulding
070033,PVC surface slab strip 50mm beyond,Material,General,m,184.56,184.56,184.56,184.56,1,KES,190.1,1.03,6,6,建筑工程,other decoration works,decorative moulding,decorative moulding
070035,PVC surface flat moulding 50mm within,Material,General,m,96.13,96.13,96.13,96.13,1,KES,99.01,1.03,6,6,建筑工程,other decoration works,decorative moulding,decorative moulding
070036,PVC surface flat moulding 50mm beyond,Material,General,m,246.08,246.08,246.08,246.08,1,KES,253.46,1.03,6,6,建筑工程,other decoration works,decorative moulding,decorative moulding
070046,PVC surface moulding 40mm within,Material,General,m,110.74,110.74,110.74,110.74,1,KES,114.06,1.03,6,6,建筑工程,other decoration works,decorative moulding,decorative moulding
070047,PVC surface moulding 40mm beyond,Material,General,m,294.78,294.78,294.78,294.78,1,KES,303.63,1.03,6,6,建筑工程,other decoration works,decorative moulding,decorative moulding
110429,waterproofing,Material,Waterproofing,kg,207.63,207.63,207.63,207.63,1,KES,116.9,0.563,6,6,建筑工程,roofing and waterproofing works,Roof waterproofing and sundries,roof waterproofing
150176,steel,Material,Steel & Metal,kg,243.52,243.52,243.52,243.52,1,KES,438.33,1.8,6,6,建筑工程,roofing and waterproofing works,Roof waterproofing and sundries,roof waterproofing
380077,slab section steel slab floor slab 0.91mm,Material,Steel & Metal,m2,1602.09,1602.09,1602.09,1602.09,1,KES,1789.0,1.1167,6,6,建筑工程,metal-structure works,"steel plate floor slab, wall slab",
380078,slab section steel slab floor slab 0.91mm,Material,Steel & Metal,m2,1089.42,1089.42,1089.42,1089.42,1,KES,1216.52,1.1167,6,6,建筑工程,metal-structure works,"steel plate floor slab, wall slab",
380072,composite wall slab (100mm rock wool layer),Material,Aggregates,m2,3588.68,3588.68,3588.68,3588.68,1,KES,4007.36,1.1167,6,6,建筑工程,metal-structure works,"steel plate floor slab, wall slab",
380088,nail composite wall slab (100mm glass wool layer),Material,Fasteners,m2,2307.01,2307.01,2307.01,2307.01,1,KES,2576.16,1.1167,6,6,建筑工程,metal-structure works,"steel plate floor slab, wall slab",
380007,steel wall frame,Material,Steel & Metal,t,79463.59,79463.59,79463.59,79463.59,1,KES,79463.59,1.0,6,6,建筑工程,metal-structure works,steel structural,
370228,stainless steel window,Material,Steel & Metal,m2,10253.37,10253.37,10253.37,10253.37,1,KES,10253.37,1.0,6,6,建筑工程,door and window works,metal window,
370068,slab fixing window,Material,Glass,m2,3460.51,3460.51,3460.51,3460.51,1,KES,3460.51,1.0,6,6,建筑工程,door and window works,metal window,
370069,slab window,Material,Glass,m2,3716.85,3716.85,3716.85,3716.85,1,KES,3716.85,1.0,6,6,建筑工程,door and window works,metal window,
370071,slab flat window,Material,Glass,m2,3845.01,3845.01,3845.01,3845.01,1,KES,3845.01,1.0,6,6,建筑工程,door and window works,metal window,
370179,steel () window,Material,Steel & Metal,m2,4806.27,4806.27,4806.27,4806.27,1,KES,4806.27,1.0,6,6,建筑工程,door and window works,metal window,
370180,aluminium alloy () window,Material,Glass,m2,6408.35,6408.35,6408.35,6408.35,1,KES,6408.35,1.0,6,6,建筑工程,door and window works,metal window,
370181,aluminium alloy () window,Material,Glass,m2,7369.61,7369.61,7369.61,7369.61,1,KES,7369.61,1.0,6,6,建筑工程,door and window works,metal window,
370185,finished product timber door window,Material,Wood & Timber,m2,1538.0,1538.0,1538.0,1538.0,1,KES,1538.0,1.0,6,6,建筑工程,door and window works,door window,
100054,SBS modified bitumen waterproofing,Material,Waterproofing,m2,320.42,320.42,320.42,320.42,1,KES,96.93,0.3025,6,6,建筑工程,roofing and waterproofing works,Roof waterproofing and sundries,roof water
160117,water 100,Material,Water,pcs,602.39,602.39,602.39,602.39,1,KES,608.41,1.01,6,6,建筑工程,roofing and waterproofing works,Roof waterproofing and sundries,roof water
160118,water 100,Material,Water,pcs,602.39,602.39,602.39,602.39,1,KES,608.41,1.01,6,6,建筑工程,roofing and waterproofing works,Roof waterproofing and sundries,roof water
160119,water 150,Material,Water,pcs,1076.6,1076.6,1076.6,1076.6,1,KES,1087.37,1.01,6,6,建筑工程,roofing and waterproofing works,Roof waterproofing and sundries,roof water
160235,water 150,Material,Water,set,1068.91,1068.91,1068.91,1068.91,1,KES,1079.6,1.01,6,6,建筑工程,roofing and waterproofing works,Roof waterproofing and sundries,roof water
170094,glass steel water 110,Material,Steel & Metal,pcs,260.18,260.18,260.18,260.18,1,KES,262.78,1.01,6,6,建筑工程,roofing and waterproofing works,Roof waterproofing and sundries,roof water
170095,glass steel water 160,Material,Steel & Metal,pcs,496.01,496.01,496.01,496.01,1,KES,500.97,1.01,6,6,建筑工程,roofing and waterproofing works,Roof waterproofing and sundries,roof water
370116,timber window,Material,Wood & Timber,m2,6408.35,6408.35,6408.35,6408.35,1,KES,6408.35,1.0,6,6,建筑工程,door and window works,timber window,
370164,timber window,Material,Wood & Timber,m2,12175.87,12175.87,12175.87,12175.87,1,KES,12175.87,1.0,6,6,建筑工程,door and window works,timber window,
370166,timber window,Material,Wood & Timber,m2,5767.52,5767.52,5767.52,5767.52,1,KES,5767.52,1.0,6,6,建筑工程,door and window works,timber window,
370167,() window,Material,Glass,m2,11535.04,11535.04,11535.04,11535.04,1,KES,11535.04,1.0,6,6,建筑工程,door and window works,timber window,
370229,decorative timber window,Material,Wood & Timber,m2,6408.35,6408.35,6408.35,6408.35,1,KES,6408.35,1.0,6,6,建筑工程,door and window works,timber window,
370041,aluminium alloy fixing window,Material,Glass,m2,3588.68,3588.68,3588.68,3588.68,1,KES,3588.68,1.0,6,6,建筑工程,door and window works,metal window,
370043,aluminium alloy double flat window,Material,Glass,m2,5767.52,5767.52,5767.52,5767.52,1,KES,5767.52,1.0,6,6,建筑工程,door and window works,metal window,
090133,galvanized with bolt 16×(35 60),Material,Fasteners,set,22.56,22.56,22.56,22.56,1,KES,60.98,2.7033,6,6,建筑工程,General installation works - Vol.4 Electrical equipment installation,,installation
080278,glass,Material,Glass,m2,3332.34,3332.34,3332.34,3332.34,1,KES,3498.96,1.05,6,6,建筑工程,"wall and column finishes, partitions and curtain walls",curtain wall works,glass curtain wall
050030,glass,Material,Glass,m2,3332.34,3332.34,3332.34,3332.34,1,KES,3498.96,1.05,6,6,建筑工程,"wall and column finishes, partitions and curtain walls",curtain wall works,glass curtain wall
050031,glass,Material,Glass,m2,3332.34,3332.34,3332.34,3332.34,1,KES,3498.96,1.05,6,6,建筑工程,"wall and column finishes, partitions and curtain walls",curtain wall works,glass curtain wall
010400,galvanized channel steel,Material,Steel & Metal,kg,70.49,70.49,70.49,70.49,1,KES,998.64,14.1667,6,6,建筑工程,"wall and column finishes, partitions and curtain walls",curtain wall works,glass curtain wall
380079,steel window frame,Material,Steel & Metal,t,82026.93,82026.93,82026.93,82026.93,1,KES,82026.93,1.0,6,6,建筑工程,metal-structure works,steel structural,
380080,steel frame,Material,Steel & Metal,t,82026.93,82026.93,82026.93,82026.93,1,KES,82026.93,1.0,6,6,建筑工程,metal-structure works,steel structural,
380081,steel plate,Material,Steel & Metal,t,82026.93,82026.93,82026.93,82026.93,1,KES,82026.93,1.0,6,6,建筑工程,metal-structure works,steel structural,
380082,steel,Material,Steel & Metal,t,86512.78,86512.78,86512.78,86512.78,1,KES,86512.78,1.0,6,6,建筑工程,metal-structure works,steel structural,
030237,curved timber staircase,Material,Wood & Timber,m2,11022.37,11022.37,11022.37,11022.37,1,KES,11022.37,1.0,6,6,建筑工程,timber-structure works,timber structural,
030238,timber staircase,Material,Wood & Timber,m2,13713.88,13713.88,13713.88,13713.88,1,KES,13713.88,1.0,6,6,建筑工程,timber-structure works,timber structural,
030239,straight steel timber staircase,Material,Steel & Metal,m2,4485.85,4485.85,4485.85,4485.85,1,KES,4485.85,1.0,6,6,建筑工程,timber-structure works,timber structural,
030240,curved steel timber staircase,Material,Steel & Metal,m2,6152.02,6152.02,6152.02,6152.02,1,KES,6152.02,1.0,6,6,建筑工程,timber-structure works,timber structural,
030241,steel timber staircase,Material,Steel & Metal,m2,7818.19,7818.19,7818.19,7818.19,1,KES,7818.19,1.0,6,6,建筑工程,timber-structure works,timber structural,
300028,galvanized angle steel 63×63×6×1800,Material,Steel & Metal,pcs,740.81,740.81,740.81,740.81,1,KES,990.7,1.3373,6,6,建筑工程,General installation works - Vol.4 Electrical equipment installation,,installation
370045,aluminium alloy double window,Material,Glass,m2,4870.35,4870.35,4870.35,4870.35,1,KES,4870.35,1.0,6,6,建筑工程,door and window works,metal window,
370054,steel fixing window,Material,Steel & Metal,m2,3191.36,3191.36,3191.36,3191.36,1,KES,3191.36,1.0,6,6,建筑工程,door and window works,metal window,
370056,steel double window,Material,Steel & Metal,m2,4229.51,4229.51,4229.51,4229.51,1,KES,4229.51,1.0,6,6,建筑工程,door and window works,metal window,
370058,steel double flat window,Material,Steel & Metal,m2,4742.18,4742.18,4742.18,4742.18,1,KES,4742.18,1.0,6,6,建筑工程,door and window works,metal window,
370046,aluminium alloy window,Material,Glass,m2,4870.35,4870.35,4870.35,4870.35,1,KES,4870.35,1.0,6,6,建筑工程,door and window works,metal window,
090093,with bolt 6×(30 50),Material,Fasteners,set,1.79,1.79,1.79,1.79,1,KES,3.73,2.08,6,6,建筑工程,ceiling works,ceiling suspended ceiling,ceiling keel
080119,H type keel HB22×0.5,Material,General,m,26.15,26.15,26.15,26.15,1,KES,43.88,1.6783,6,6,建筑工程,ceiling works,ceiling suspended ceiling,ceiling finish layer
080212,slab 13 thickness,Material,General,m2,512.67,512.67,512.67,512.67,1,KES,548.56,1.07,6,6,建筑工程,ceiling works,ceiling suspended ceiling,ceiling finish layer
080213,slab 15 thickness,Material,General,m2,704.92,704.92,704.92,704.92,1,KES,754.26,1.07,6,6,建筑工程,ceiling works,ceiling suspended ceiling,ceiling finish layer
370168,aluminium alloy flat window,Material,Glass,m2,8330.86,8330.86,8330.86,8330.86,1,KES,8330.86,1.0,6,6,建筑工程,door and window works,metal window,
370169,aluminium alloy window,Material,Glass,m2,7690.02,7690.02,7690.02,7690.02,1,KES,7690.02,1.0,6,6,建筑工程,door and window works,metal window,
370170,aluminium alloy fixing window,Material,Glass,m2,7049.19,7049.19,7049.19,7049.19,1,KES,7049.19,1.0,6,6,建筑工程,door and window works,metal window,
370178,stainless steel window,Material,Steel & Metal,m2,2691.51,2691.51,2691.51,2691.51,1,KES,2691.51,1.0,6,6,建筑工程,door and window works,metal window,
090396,stainless steel handrail (curved) 75,Material,Steel & Metal,m,2307.01,2307.01,2307.01,2307.01,1,KES,2791.48,1.21,6,6,建筑工程,other decoration works,"handrail, railing, decorative railing panel","metal handrail, railing, railing slab"
090397,handrail (curved) 75,Material,General,m,4037.26,4037.26,4037.26,4037.26,1,KES,4885.09,1.21,6,6,建筑工程,other decoration works,"handrail, railing, decorative railing panel","metal handrail, railing, railing slab"
091447,stainless steel handrail 75(type),Material,Steel & Metal,m,3691.21,3691.21,3691.21,3691.21,1,KES,3875.77,1.05,6,6,建筑工程,other decoration works,"handrail, railing, decorative railing panel","metal handrail, railing, railing slab"
090501,galvanized nail M4,Equipment,General,set,1.92,1.92,1.92,1.92,1,KES,4.61,2.4,6,6,建筑工程,General installation works - Vol.4 Electrical equipment installation,moulding installation,
030056,slab,Material,General,m2,194.81,194.81,194.81,194.81,1,KES,58.7,0.3013,6,6,建筑工程,General installation works - Vol.4 Electrical equipment installation,,
030139,round timber frame,Material,Wood & Timber,m3,25248.91,25248.91,25248.91,25248.91,1,KES,25248.91,1.0,6,6,建筑工程,timber-structure works,,
030140,square timber frame,Material,Wood & Timber,m3,37681.12,37681.12,37681.12,37681.12,1,KES,37681.12,1.0,6,6,建筑工程,timber-structure works,,
030141,round timber steel frame,Material,Steel & Metal,m3,39603.63,39603.63,39603.63,39603.63,1,KES,39603.63,1.0,6,6,建筑工程,timber-structure works,,
030142,square timber steel frame,Material,Steel & Metal,m3,50754.16,50754.16,50754.16,50754.16,1,KES,50754.16,1.0,6,6,建筑工程,timber-structure works,,
030059,round timber,Material,Wood & Timber,m3,16405.39,16405.39,16405.39,16405.39,1,KES,19057.59,1.1617,6,6,建筑工程,timber-structure works,timber structural,
030236,straight timber staircase,Material,Wood & Timber,m2,7946.36,7946.36,7946.36,7946.36,1,KES,7946.36,1.0,6,6,建筑工程,timber-structure works,timber structural,
091471,cement nail (with),Material,Concrete & Cement,set,10.25,10.25,10.25,10.25,1,KES,43.06,4.2,6,6,建筑工程,roofing and waterproofing works,"wall surface waterproofing, moisture-proofing",wall surface membrane waterproofing
090131,galvanized with bolt 12×(110 120),Material,Fasteners,set,22.17,22.17,22.17,22.17,1,KES,128.38,5.79,6,6,建筑工程,General installation works - Vol.4 Electrical equipment installation,height electricity installation,
370014,timber surface decorative door,Material,Wood & Timber,m2,7049.19,7049.19,7049.19,7049.19,1,KES,7049.19,1.0,6,6,建筑工程,door and window works,,
370128,timber slab door (flat),Material,Wood & Timber,m2,8330.86,8330.86,8330.86,8330.86,1,KES,8330.86,1.0,6,6,建筑工程,door and window works,,
370134,slab decorative door (flat),Material,General,m2,5126.68,5126.68,5126.68,5126.68,1,KES,5126.68,1.0,6,6,建筑工程,door and window works,,
888802,diesel,Equipment,General,kg,115.09,115.09,115.09,115.09,1,KES,3274.36,28.4495,6,6,建筑工程,timber-structure works,timber structural,
370002,plywood timber door,Material,Wood & Timber,m2,2537.71,2537.71,2537.71,2537.71,1,KES,2537.71,1.0,6,6,建筑工程,door and window works,,
370003,timber slab door,Material,Wood & Timber,m2,10978.79,10978.79,10978.79,10978.79,1,KES,10978.79,1.0,6,6,建筑工程,door and window works,,
370012,timber decorative door,Material,Wood & Timber,m2,14098.38,14098.38,14098.38,14098.38,1,KES,14098.38,1.0,6,6,建筑工程,door and window works,,
090698,handrail (-shaped) 75,Material,General,m,4998.52,4998.52,4998.52,4998.52,1,KES,5248.44,1.05,6,6,建筑工程,other decoration works,"handrail, railing, decorative railing panel","metal handrail, railing, railing slab"
090595,50 steel pipe handrail,Material,Steel & Metal,m,225.57,225.57,225.57,225.57,1,KES,254.9,1.13,6,6,建筑工程,other decoration works,"handrail, railing, decorative railing panel",metal wall handrail
090405,stainless steel 75,Material,Steel & Metal,pcs,320.42,320.42,320.42,320.42,1,KES,382.42,1.1935,6,6,建筑工程,other decoration works,"handrail, railing, decorative railing panel",metal wall handrail
090406,75,Material,General,pcs,384.5,384.5,384.5,384.5,1,KES,458.9,1.1935,6,6,建筑工程,other decoration works,"handrail, railing, decorative railing panel",metal wall handrail
050040,with glass 3mm,Equipment,General,m2,640.84,640.84,640.84,640.84,1,KES,679.29,1.06,6,6,建筑工程,other decoration works,,finish layer
130010,alkali-resistant 200mm width,Material,General,m,2.31,2.31,2.31,2.31,1,KES,3.85,1.6667,6,6,建筑工程,ceiling works,,
370091,door,Material,General,m2,6664.69,6664.69,6664.69,6664.69,1,KES,6664.69,1.0,6,6,建筑工程,door and window works,"door, door",
370093,electricity door,Material,General,m2,4614.01,4614.01,4614.01,4614.01,1,KES,4614.01,1.0,6,6,建筑工程,door and window works,"door, door",
370096,door,Material,General,m2,7433.69,7433.69,7433.69,7433.69,1,KES,7433.69,1.0,6,6,建筑工程,door and window works,"door, door",
370097,bonding door,Material,General,m2,8715.36,8715.36,8715.36,8715.36,1,KES,8715.36,1.0,6,6,建筑工程,door and window works,"door, door",
370117,door,Material,General,m2,6152.02,6152.02,6152.02,6152.02,1,KES,6152.02,1.0,6,6,建筑工程,door and window works,"door, door",
090135,galvanized with bolt 16×(85 100),Material,Fasteners,set,39.22,39.22,39.22,39.22,1,KES,520.05,13.26,6,6,建筑工程,General installation works - Vol.4 Electrical equipment installation,and installation,installation
030138,TK slab,Material,General,m2,640.84,640.84,640.84,640.84,1,KES,704.92,1.1,6,6,建筑工程,"wall and column finishes, partitions and curtain walls",partition,partition
080275,decorative slab,Material,General,m2,358.87,358.87,358.87,358.87,1,KES,376.81,1.05,6,6,建筑工程,"wall and column finishes, partitions and curtain walls",partition,partition
080276,slab,Material,General,m2,3588.68,3588.68,3588.68,3588.68,1,KES,3768.11,1.05,6,6,建筑工程,"wall and column finishes, partitions and curtain walls",partition,partition
050041,mirror finish glass 6mm,Material,Glass,m2,730.55,730.55,730.55,730.55,1,KES,883.97,1.21,6,6,建筑工程,other decoration works,,finish layer
010406,metal slab,Material,Steel & Metal,m2,1153.5,1153.5,1153.5,1153.5,1,KES,1222.71,1.06,6,6,建筑工程,other decoration works,,finish layer
050042,glass steel,Material,Steel & Metal,m2,1538.0,1538.0,1538.0,1538.0,1,KES,1614.91,1.05,6,6,建筑工程,other decoration works,,finish layer
090203,ground steel nail,Material,Steel & Metal,100 pcs,89.72,89.72,89.72,89.72,1,KES,18.74,0.2089,6,6,建筑工程,other decoration works,,finish layer
370159,door,Material,General,m,8843.53,8843.53,8843.53,8843.53,1,KES,8843.53,1.0,6,6,建筑工程,door and window works,"door, door",
370095,moulding door,Material,General,m2,32041.77,32041.77,32041.77,32041.77,1,KES,32041.77,1.0,6,6,建筑工程,door and window works,"door, door",
370098,concrete door,Material,Concrete & Cement,m2,15764.55,15764.55,15764.55,15764.55,1,KES,15764.55,1.0,6,6,建筑工程,door and window works,"door, door",
370099,concrete door,Material,Concrete & Cement,m2,17943.39,17943.39,17943.39,17943.39,1,KES,17943.39,1.0,6,6,建筑工程,door and window works,"door, door",
370100,concrete slab door,Material,Concrete & Cement,m2,32041.77,32041.77,32041.77,32041.77,1,KES,32041.77,1.0,6,6,建筑工程,door and window works,"door, door",
370101,concrete window slab,Material,Concrete & Cement,m2,7818.19,7818.19,7818.19,7818.19,1,KES,7818.19,1.0,6,6,建筑工程,door and window works,"door, door",
370110,steel door,Material,Steel & Metal,m2,35886.78,35886.78,35886.78,35886.78,1,KES,35886.78,1.0,6,6,建筑工程,door and window works,"door, door",
370030,fixing timber window,Material,Wood & Timber,m2,2819.68,2819.68,2819.68,2819.68,1,KES,2819.68,1.0,6,6,建筑工程,door and window works,timber window,
370088,steel door,Material,Steel & Metal,m2,4485.85,4485.85,4485.85,4485.85,1,KES,4485.85,1.0,6,6,建筑工程,door and window works,"door, door",
370102,steel railing door,Material,Steel & Metal,m2,4485.85,4485.85,4485.85,4485.85,1,KES,4485.85,1.0,6,6,建筑工程,door and window works,"door, door",
370156,wall steel wire door,Material,Steel & Metal,m2,11406.87,11406.87,11406.87,11406.87,1,KES,11406.87,1.0,6,6,建筑工程,door and window works,"door, door",
370157,steel door (flat),Material,Steel & Metal,m2,11022.37,11022.37,11022.37,11022.37,1,KES,11022.37,1.0,6,6,建筑工程,door and window works,"door, door",
370230,steel door,Material,Steel & Metal,m2,8330.86,8330.86,8330.86,8330.86,1,KES,8330.86,1.0,6,6,建筑工程,door and window works,"door, door",
370231,steel door,Material,Steel & Metal,m2,10894.2,10894.2,10894.2,10894.2,1,KES,10894.2,1.0,6,6,建筑工程,door and window works,"door, door",
100271,waterproofing,Material,Waterproofing,kg,89.72,89.72,89.72,89.72,1,KES,394.75,4.4,6,6,建筑工程,roofing and waterproofing works,"wall surface waterproofing, moisture-proofing",wall surface membrane waterproofing
150177,waterproofing 4kg/m2,Material,Waterproofing,m2,410.13,410.13,410.13,410.13,1,KES,451.15,1.1,6,6,建筑工程,roofing and waterproofing works,"wall surface waterproofing, moisture-proofing",wall surface membrane waterproofing
100261,waterproof coating,Material,Waterproofing,kg,358.87,358.87,358.87,358.87,1,KES,590.86,1.6464,6,6,建筑工程,roofing and waterproofing works,"wall surface waterproofing, moisture-proofing",wall surface coating waterproofing
100265,SBS bitumen waterproof coating,Material,Waterproofing,kg,110.22,110.22,110.22,110.22,1,KES,243.14,2.2058,6,6,建筑工程,roofing and waterproofing works,"wall surface waterproofing, moisture-proofing",wall surface coating waterproofing
800079,road roller composite,Equipment,General,machine-shift,4407.67,4407.67,4407.67,4407.67,1,KES,38.05,0.0086,6,6,建筑工程,earthwork and rock works,backfill,ground backfill
800139,mud pump 100,Equipment,Pumps,machine-shift,405.01,405.01,405.01,405.01,1,KES,21.34,0.0527,6,6,建筑工程,earthwork and rock works,transport,slurry transport
800366,crawler crane 60t,Equipment,Cranes,machine-shift,15153.19,15153.19,15153.19,15153.19,1,KES,535.29,0.0353,6,6,建筑工程,ground treatment and slope support,reinforcing steel works,
110026,phenolic paint,Material,Paint & Coatings,kg,199.94,199.94,199.94,199.94,1,KES,22.96,0.1148,6,6,建筑工程,"General installation works - Vol.12 Painting, anti-corrosion, thermal insulation",rectangular brushing,
110749,with paint W61-25,Equipment,General,kg,672.88,672.88,672.88,672.88,1,KES,151.16,0.2246,6,6,建筑工程,"General installation works - Vol.12 Painting, anti-corrosion, thermal insulation",rectangular brushing,
110739,with paint thinner X13,Equipment,General,kg,160.21,160.21,160.21,160.21,1,KES,5.61,0.035,6,6,建筑工程,"General installation works - Vol.12 Painting, anti-corrosion, thermal insulation",rectangular brushing,
370191,glass door,Material,Glass,pcs,1666.17,1666.17,1666.17,1666.17,1,KES,1666.17,1.0,6,6,建筑工程,door and window works,hardware installation,
090326,door,Material,General,pcs,1702.06,1702.06,1702.06,1702.06,1,KES,1702.06,1.0,6,6,建筑工程,door and window works,hardware installation,
370084,flat door,Material,General,set,115350.37,115350.37,115350.37,115350.37,1,KES,115350.37,1.0,6,6,建筑工程,door and window works,hardware installation,
110370,cement putty,Material,Concrete & Cement,kg,44.86,44.86,44.86,44.86,1,KES,74.02,1.65,6,6,建筑工程,"painting, coating and wallpapering works",paint on plastered surface,full skim-coat of putty
810124,poly () mortar 1: 2.5: 5,Material,Concrete & Cement,m3,3998.81,3998.81,3998.81,3998.81,1,KES,2.4,0.0006,6,6,建筑工程,"painting, coating and wallpapering works",paint on plastered surface,full skim-coat of putty
110333,acrylic primer,Material,Paint & Coatings,kg,70.49,70.49,70.49,70.49,1,KES,7.97,0.113,6,6,建筑工程,"painting, coating and wallpapering works",spray and brush coating,wall surface finish layer coating
110504,emulsion paint,Material,Paint & Coatings,kg,426.8,426.8,426.8,426.8,1,KES,135.79,0.3182,6,6,建筑工程,"painting, coating and wallpapering works",spray and brush coating,wall surface finish layer coating
110485,water-based metal paint,Material,Steel & Metal,kg,448.58,448.58,448.58,448.58,1,KES,379.28,0.8455,6,6,建筑工程,"painting, coating and wallpapering works",spray and brush coating,wall surface finish layer coating
110755,surface putty,Material,General,kg,50.63,50.63,50.63,50.63,1,KES,33.14,0.6545,6,6,建筑工程,"painting, coating and wallpapering works",paint on plastered surface,paint on plastered surface
850233,length length 1270 1650nm,Equipment,General,machine-shift,4229.51,4229.51,4229.51,4229.51,1,KES,3242.63,0.7667,6,6,建筑工程,General installation works - Vol.11 Communication equipment and lines,moulding,
800501,diesel electricity,Equipment,General,machine-shift,3081.91,3081.91,3081.91,3081.91,1,KES,3081.91,1.0,6,6,建筑工程,General installation works - Vol.11 Communication equipment and lines,,
850086,2.5Gb/s,Equipment,General,machine-shift,21237.16,21237.16,21237.16,21237.16,1,KES,10618.58,0.5,6,6,建筑工程,General installation works - Vol.11 Communication equipment and lines,,
010007,steel moulding,Material,Steel & Metal,kg,86.0,86.0,86.0,86.0,1,KES,550.66,6.403,6,6,建筑工程,ground treatment and slope support,foundation pit,()
100118,height adhesive,Material,General,m,403.73,403.73,403.73,403.73,1,KES,138.07,0.342,6,6,建筑工程,ground treatment and slope support,foundation pit,()
091518,-shaped,Material,General,pcs,281.97,281.97,281.97,281.97,1,KES,42.1,0.1493,6,6,建筑工程,ground treatment and slope support,foundation pit,ground wall
150142,slurry,Material,General,m3,644.68,644.68,644.68,644.68,1,KES,1611.7,2.5,5,5,建筑工程,ground treatment and slope support,foundation pit,ground wall
091519,precast concrete water 300,Material,Concrete & Cement,pcs,717.74,717.74,717.74,717.74,1,KES,23.9,0.0333,5,5,建筑工程,ground treatment and slope support,foundation pit,ground wall
850033,A005810,Equipment,General,machine-shift,1243.99,1243.99,1243.99,1243.99,1,KES,1036.66,0.8333,5,5,建筑工程,General installation works - Vol.11 Communication equipment and lines,,
800399,ground wall concrete pouring and vibrating frame,Equipment,General,machine-shift,1022.77,1022.77,1022.77,1022.77,1,KES,25.57,0.025,5,5,建筑工程,ground treatment and slope support,foundation pit,ground wall
800386,mud pump 50,Equipment,Pumps,machine-shift,73.57,73.57,73.57,73.57,1,KES,6.78,0.0922,5,5,建筑工程,ground treatment and slope support,foundation pit,ground wall
800364,lock,Equipment,General,machine-shift,3009.36,3009.36,3009.36,3009.36,1,KES,3214.0,1.068,5,5,建筑工程,ground treatment and slope support,foundation pit,ground wall
800155,concrete vibrator,Equipment,General,machine-shift,14.23,14.23,14.23,14.23,1,KES,0.17,0.012,5,5,建筑工程,ground treatment and slope support,foundation pit,ground wall
090834,bolt with M12×(30 35),Material,Fasteners,set,15.12,15.12,15.12,15.12,1,KES,122.2,8.08,5,5,建筑工程,General installation works - Vol.11 Communication equipment and lines,,
850235,mesh FWKE,Equipment,General,machine-shift,2114.76,2114.76,2114.76,2114.76,1,KES,2749.18,1.3,5,5,建筑工程,General installation works - Vol.11 Communication equipment and lines,mesh,
850232,MFC+ moulding,Equipment,General,machine-shift,7529.82,7529.82,7529.82,7529.82,1,KES,4517.89,0.6,5,5,建筑工程,General installation works - Vol.11 Communication equipment and lines,,
060065,floor tile (h 120mm),Material,General,m,193.53,193.53,193.53,193.53,1,KES,213.85,1.105,5,5,建筑工程,floor finishing works,skirting,
370106,stainless steel door,Material,Steel & Metal,m2,4998.52,4998.52,4998.52,4998.52,1,KES,4998.52,1.0,5,5,建筑工程,door and window works,metal () door,
370105,slab door,Material,General,m2,4485.85,4485.85,4485.85,4485.85,1,KES,4485.85,1.0,5,5,建筑工程,door and window works,metal () door,
370104,aluminium alloy door,Material,General,m2,4742.18,4742.18,4742.18,4742.18,1,KES,4742.18,1.0,5,5,建筑工程,door and window works,metal () door,
370103,galvanized steel plate door,Material,Steel & Metal,m2,2563.34,2563.34,2563.34,2563.34,1,KES,2563.34,1.0,5,5,建筑工程,door and window works,metal () door,
370162,stainless steel electrical door (with),Material,Steel & Metal,m,15380.05,15380.05,15380.05,15380.05,1,KES,15380.05,1.0,5,5,建筑工程,door and window works,door,
230033,no,Material,General,pcs,1025.34,1025.34,1025.34,1025.34,1,KES,1025.34,1.0,5,5,建筑工程,roofing and waterproofing works,Roof waterproofing and sundries,roof ()
370161,stainless steel electrical door (no),Material,Steel & Metal,m,14739.21,14739.21,14739.21,14739.21,1,KES,14739.21,1.0,5,5,建筑工程,door and window works,door,
370160,stainless steel electricity door,Material,Steel & Metal,m2,19225.06,19225.06,19225.06,19225.06,1,KES,19225.06,1.0,5,5,建筑工程,door and window works,door,
370083,door diameter 3m,Material,General,unit,871536.14,871536.14,871536.14,871536.14,1,KES,871536.14,1.0,5,5,建筑工程,door and window works,door,
370080,electricity door,Material,General,m2,8330.86,8330.86,8330.86,8330.86,1,KES,8330.86,1.0,5,5,建筑工程,door and window works,door,
040043,glass steel,Material,Steel & Metal,m2,210.19,210.19,210.19,210.19,1,KES,216.5,1.03,5,5,建筑工程,roofing and waterproofing works,Roof waterproofing and sundries,roof gutter
370039,aluminium alloy door,Material,General,m2,6792.86,6792.86,6792.86,6792.86,1,KES,6792.86,1.0,5,5,建筑工程,door and window works,metal door,
370037,aluminium alloy door,Material,General,m2,4101.35,4101.35,4101.35,4101.35,1,KES,4101.35,1.0,5,5,建筑工程,door and window works,metal door,
370036,aluminium alloy door,Material,General,m2,4357.68,4357.68,4357.68,4357.68,1,KES,4357.68,1.0,5,5,建筑工程,door and window works,metal door,
370034,aluminium alloy flat door,Material,General,m2,6152.02,6152.02,6152.02,6152.02,1,KES,6152.02,1.0,5,5,建筑工程,door and window works,metal door,
370033,aluminium alloy flat door,Material,General,m2,6280.19,6280.19,6280.19,6280.19,1,KES,6280.19,1.0,5,5,建筑工程,door and window works,metal door,
080105,T-shaped light-gauge steel keel CB33-2,Material,Steel & Metal,pcs,7.31,7.31,7.31,7.31,1,KES,14.35,1.9638,5,5,建筑工程,ceiling works,ceiling suspended ceiling,ceiling keel
080098,keel CL15×35,Material,General,m,47.17,47.17,47.17,47.17,1,KES,33.42,0.7086,5,5,建筑工程,ceiling works,ceiling suspended ceiling,ceiling keel
080071,T-shaped light-gauge steel keel KB33×30,Material,Steel & Metal,m,74.08,74.08,74.08,74.08,1,KES,136.52,1.8428,5,5,建筑工程,ceiling works,ceiling suspended ceiling,ceiling keel
080016,U-shaped light-gauge steel keel CB30-L,Material,Steel & Metal,pcs,5.25,5.25,5.25,5.25,1,KES,1.93,0.3678,5,5,建筑工程,ceiling works,ceiling suspended ceiling,ceiling keel
080010,U-shaped light-gauge steel keel CB30×12,Material,Steel & Metal,m,54.6,54.6,54.6,54.6,1,KES,66.39,1.216,5,5,建筑工程,ceiling works,ceiling suspended ceiling,ceiling keel
030047,timber,Material,Wood & Timber,pcs,394.75,394.75,394.75,394.75,1,KES,286.86,0.7267,5,5,建筑工程,other decoration works,"handrail, railing, decorative railing panel","timber handrail, railing, railing slab"
030095,timber,Material,Wood & Timber,pcs,135.86,135.86,135.86,135.86,1,KES,103.25,0.76,5,5,建筑工程,other decoration works,"handrail, railing, decorative railing panel","timber handrail, railing, railing slab"
030046,timber handrail (-shaped) 150×60,Material,Wood & Timber,m,2678.69,2678.69,2678.69,2678.69,1,KES,3080.5,1.15,5,5,建筑工程,other decoration works,"handrail, railing, decorative railing panel","timber handrail, railing, railing slab"
030045,timber handrail (curved) 150×60,Material,Wood & Timber,m,1972.49,1972.49,1972.49,1972.49,1,KES,2268.37,1.15,5,5,建筑工程,other decoration works,"handrail, railing, decorative railing panel","timber handrail, railing, railing slab"
030044,timber handrail (straight) 150×60,Material,Wood & Timber,m,1411.12,1411.12,1411.12,1411.12,1,KES,1552.23,1.1,5,5,建筑工程,other decoration works,"handrail, railing, decorative railing panel","timber handrail, railing, railing slab"
030094,timber handrail,Material,Wood & Timber,m,370.4,370.4,370.4,370.4,1,KES,425.96,1.15,5,5,建筑工程,other decoration works,"handrail, railing, decorative railing panel","timber handrail, railing, railing slab"
370140,door (with timber flat),Material,Wood & Timber,m2,6152.02,6152.02,6152.02,6152.02,1,KES,6152.02,1.0,5,5,建筑工程,door and window works,,
370138,door (with timber flat),Material,Wood & Timber,m2,7690.02,7690.02,7690.02,7690.02,1,KES,7690.02,1.0,5,5,建筑工程,door and window works,,
370020,floor door,Material,General,m2,2653.06,2653.06,2653.06,2653.06,1,KES,2653.06,1.0,5,5,建筑工程,door and window works,,
370016,slab door,Material,General,m2,4485.85,4485.85,4485.85,4485.85,1,KES,4485.85,1.0,5,5,建筑工程,door and window works,,
370004,timber door,Material,Wood & Timber,m2,3524.59,3524.59,3524.59,3524.59,1,KES,3524.59,1.0,5,5,建筑工程,door and window works,,
090310,metal bracket,Material,Steel & Metal,kg,34.09,34.09,34.09,34.09,1,KES,67.47,1.979,5,5,建筑工程,roofing and waterproofing works,Roof waterproofing and sundries,roof gutter
090046,bolt,Material,Fasteners,pcs,1.92,1.92,1.92,1.92,1,KES,3.24,1.684,5,5,建筑工程,roofing and waterproofing works,Roof waterproofing and sundries,roof gutter
130155,stone,Material,General,kg,62.29,62.29,62.29,62.29,1,KES,17.29,0.2775,5,5,建筑工程,metal-structure works,metal bonding structural on-site and other items,
150108,wire brush,Material,Electrical,unit,82.54,82.54,82.54,82.54,1,KES,2.58,0.0312,5,5,建筑工程,metal-structure works,metal bonding structural on-site and other items,
280181,metal 30,Material,Steel & Metal,m,579.32,579.32,579.32,579.32,1,KES,536.68,0.9264,5,5,建筑工程,General installation works - Vol.4 Electrical equipment installation,,
280039,metal 20,Material,Steel & Metal,pcs,5.38,5.38,5.38,5.38,1,KES,12.07,2.2424,5,5,建筑工程,General installation works - Vol.4 Electrical equipment installation,moulding,electricity additional moulding
280078,metal 20,Material,Steel & Metal,m,65.11,65.11,65.11,65.11,1,KES,71.09,1.0918,5,5,建筑工程,General installation works - Vol.4 Electrical equipment installation,moulding,electricity additional moulding
080272,slab partition,Material,General,m2,5767.52,5767.52,5767.52,5767.52,1,KES,10998.66,1.907,5,5,建筑工程,"wall and column finishes, partitions and curtain walls",partition,partition
030114,slab partition,Material,General,m2,2819.68,2819.68,2819.68,2819.68,1,KES,5377.12,1.907,5,5,建筑工程,"wall and column finishes, partitions and curtain walls",partition,partition
090204,electricity aluminium,Material,General,m,78.44,78.44,78.44,78.44,1,KES,562.69,7.1737,5,5,建筑工程,"wall and column finishes, partitions and curtain walls",partition,partition
100275,height poly adhesive waterproofing membrane 1.2mm thickness,Material,Waterproofing,m2,692.1,692.1,692.1,692.1,1,KES,856.27,1.2372,5,5,建筑工程,roofing and waterproofing works,"basement and floor waterproofing, moisture-proofing",floor membrane waterproofing
090166,ground bolt (16 22)×(150 300),Material,Fasteners,set,69.85,69.85,69.85,69.85,1,KES,599.6,8.584,5,5,建筑工程,General installation works - Vol.4 Electrical equipment installation,,installation
060078,bonding standard brick 240×115×53,Material,General,pcs,6.41,6.41,6.41,6.41,1,KES,943.46,147.224,5,5,建筑工程,General installation works - Vol.4 Electrical equipment installation,"electricity laying, slab (brick) and slab",
380094,section steel steel wall frame,Material,Steel & Metal,t,73696.07,73696.07,73696.07,73696.07,1,KES,73696.07,1.0,5,5,建筑工程,metal-structure works,steel structural,
380093,type steel wall frame,Material,Steel & Metal,t,82026.93,82026.93,82026.93,82026.93,1,KES,82026.93,1.0,5,5,建筑工程,metal-structure works,steel structural,
380092,steel structural,Material,Steel & Metal,t,87153.61,87153.61,87153.61,87153.61,1,KES,87153.61,1.0,5,5,建筑工程,metal-structure works,steel structural,
380090,slab,Material,General,t,57675.19,57675.19,57675.19,57675.19,1,KES,57675.19,1.0,5,5,建筑工程,metal-structure works,steel structural,
390115,steel beam embedded part,Material,Steel & Metal,t,80104.43,80104.43,80104.43,80104.43,1,KES,80104.43,1.0,5,5,建筑工程,metal-structure works,steel structural,
270041,moulding 220V1000W,Material,General,pcs,4870.35,4870.35,4870.35,4870.35,1,KES,1766.96,0.3628,5,5,建筑工程,General installation works - Vol.4 Electrical equipment installation,electricity dry,
800032,AC welder 21kVA,Equipment,Welding Equip.,machine-shift,143.55,143.55,143.55,143.55,1,KES,300.54,2.0937,5,5,建筑工程,"wall and column finishes, partitions and curtain walls",partition,glass partition
380036,steel,Material,Steel & Metal,t,86512.78,86512.78,86512.78,86512.78,1,KES,86512.78,1.0,5,5,建筑工程,metal-structure works,steel structural,
380035,section steel railing,Material,Steel & Metal,t,80745.26,80745.26,80745.26,80745.26,1,KES,80745.26,1.0,5,5,建筑工程,metal-structure works,steel structural,
090083,galvanized lock nut 20,Material,Fasteners,pcs,6.28,6.28,6.28,6.28,1,KES,4.04,0.6426,5,5,建筑工程,General installation works - Vol.4 Electrical equipment installation,,galvanized steel pipe
090082,galvanized lock nut 15,Material,Fasteners,pcs,5.13,5.13,5.13,5.13,1,KES,1.27,0.2472,5,5,建筑工程,General installation works - Vol.4 Electrical equipment installation,,galvanized steel pipe
090695,galvanized double bolt 16×(275 300),Material,Fasteners,set,37.68,37.68,37.68,37.68,1,KES,139.57,3.704,5,5,建筑工程,General installation works - Vol.4 Electrical equipment installation,water installation,installation
300175,galvanized angle steel 63×63×6×1880,Material,Steel & Metal,pcs,717.74,717.74,717.74,717.74,1,KES,1151.82,1.6048,5,5,建筑工程,General installation works - Vol.4 Electrical equipment installation,,installation
300004,galvanized M type 65×6×280,Material,General,pcs,89.2,89.2,89.2,89.2,1,KES,143.33,1.6068,5,5,建筑工程,General installation works - Vol.4 Electrical equipment installation,,installation
170233,water,Material,Water,set,8330.86,8330.86,8330.86,8330.86,1,KES,8330.86,1.0,5,5,建筑工程,roofing and waterproofing works,Roof waterproofing and sundries,roof water
170091,water,Material,Water,pcs,713.89,713.89,713.89,713.89,1,KES,721.03,1.01,5,5,建筑工程,roofing and waterproofing works,Roof waterproofing and sundries,roof water
160120,water,Material,Water,set,754.9,754.9,754.9,754.9,1,KES,762.45,1.01,5,5,建筑工程,roofing and waterproofing works,Roof waterproofing and sundries,roof water
170194,downpipe 150,Material,Pipes & Fittings,m,481.91,481.91,481.91,481.91,1,KES,507.93,1.054,5,5,建筑工程,roofing and waterproofing works,Roof waterproofing and sundries,roof water
170193,TY PVC,Material,General,set,21.79,21.79,21.79,21.79,1,KES,7.41,0.34,5,5,建筑工程,roofing and waterproofing works,Roof waterproofing and sundries,roof water
070100,mirror moulding,Material,General,m,12.82,12.82,12.82,12.82,1,KES,13.2,1.03,5,5,建筑工程,other decoration works,decorative moulding,decorative moulding
070075,moulding 30mm beyond,Material,General,m,32.04,32.04,32.04,32.04,1,KES,33.0,1.03,5,5,建筑工程,other decoration works,decorative moulding,decorative moulding
070074,moulding 30mm within,Material,General,m,23.07,23.07,23.07,23.07,1,KES,23.76,1.03,5,5,建筑工程,other decoration works,decorative moulding,decorative moulding
070073,moulding 30mm beyond,Material,General,m,61.52,61.52,61.52,61.52,1,KES,63.37,1.03,5,5,建筑工程,other decoration works,decorative moulding,decorative moulding
070072,moulding 30mm within,Material,General,m,19.23,19.23,19.23,19.23,1,KES,19.8,1.03,5,5,建筑工程,other decoration works,decorative moulding,decorative moulding
280244,welding steel pipe splice 32,Material,Steel & Metal,pcs,27.3,27.3,27.3,27.3,1,KES,4.5,0.1648,5,5,建筑工程,General installation works - Vol.4 Electrical equipment installation,,welding steel pipe
280243,welding steel pipe splice 25,Material,Steel & Metal,pcs,18.33,18.33,18.33,18.33,1,KES,3.02,0.1648,5,5,建筑工程,General installation works - Vol.4 Electrical equipment installation,,welding steel pipe
280242,welding steel pipe splice 20,Material,Steel & Metal,pcs,13.07,13.07,13.07,13.07,1,KES,2.15,0.1648,5,5,建筑工程,General installation works - Vol.4 Electrical equipment installation,,welding steel pipe
280241,welding steel pipe splice 15,Material,Steel & Metal,pcs,6.41,6.41,6.41,6.41,1,KES,1.06,0.1648,5,5,建筑工程,General installation works - Vol.4 Electrical equipment installation,,welding steel pipe
390114,steel column embedded part,Material,Steel & Metal,t,82026.93,82026.93,82026.93,82026.93,1,KES,82026.93,1.0,5,5,建筑工程,metal-structure works,steel structural,
380038,steel,Material,Steel & Metal,t,86512.78,86512.78,86512.78,86512.78,1,KES,86512.78,1.0,5,5,建筑工程,metal-structure works,steel structural,
380037,steel bracket,Material,Steel & Metal,t,82026.93,82026.93,82026.93,82026.93,1,KES,82026.93,1.0,5,5,建筑工程,metal-structure works,steel structural,
010386,steel structural,Material,Steel & Metal,t,88435.29,88435.29,88435.29,88435.29,1,KES,88435.29,1.0,5,5,建筑工程,metal-structure works,steel structural,
390113,steel plate gutter,Material,Steel & Metal,t,82026.93,82026.93,82026.93,82026.93,1,KES,82026.93,1.0,5,5,建筑工程,metal-structure works,steel structural,
390112,steel railing,Material,Steel & Metal,t,86512.78,86512.78,86512.78,86512.78,1,KES,86512.78,1.0,5,5,建筑工程,metal-structure works,steel structural,
390111,steel pipe steel railing,Material,Steel & Metal,t,86512.78,86512.78,86512.78,86512.78,1,KES,86512.78,1.0,5,5,建筑工程,metal-structure works,steel structural,
170102,glass steel 110,Material,Steel & Metal,pcs,185.84,185.84,185.84,185.84,1,KES,18.77,0.101,5,5,建筑工程,roofing and waterproofing works,Roof waterproofing and sundries,roof water
170101,glass steel 160,Material,Steel & Metal,pcs,185.84,185.84,185.84,185.84,1,KES,20.63,0.111,5,5,建筑工程,roofing and waterproofing works,Roof waterproofing and sundries,roof water
170100,glass steel 110,Material,Steel & Metal,pcs,148.67,148.67,148.67,148.67,1,KES,16.5,0.111,5,5,建筑工程,roofing and waterproofing works,Roof waterproofing and sundries,roof water
170093,glass steel water 160,Material,Steel & Metal,m,247.36,247.36,247.36,247.36,1,KES,262.45,1.061,5,5,建筑工程,roofing and waterproofing works,Roof waterproofing and sundries,roof water
170092,glass steel water 110,Material,Steel & Metal,m,210.19,210.19,210.19,210.19,1,KES,221.54,1.054,5,5,建筑工程,roofing and waterproofing works,Roof waterproofing and sundries,roof water
170089,downpipe 100,Material,Pipes & Fittings,m,430.64,430.64,430.64,430.64,1,KES,450.88,1.047,5,5,建筑工程,roofing and waterproofing works,Roof waterproofing and sundries,roof water
800477,electricity,Equipment,General,machine-shift,1042.0,1042.0,1042.0,1042.0,1,KES,22.14,0.0212,5,5,建筑工程,"wall and column finishes, partitions and curtain walls",column (beam) facing,column (beam) surface decorative
130017,poly slab 25,Material,General,m2,140.98,140.98,140.98,140.98,1,KES,7.05,0.05,5,5,建筑工程,roofing and waterproofing works,movement joint,joint filling
110204,poly adhesive,Material,General,kg,33.71,33.71,33.71,33.71,1,KES,28.08,0.833,5,5,建筑工程,roofing and waterproofing works,movement joint,joint filling
100259,polyurethane,Material,General,kg,320.42,320.42,320.42,320.42,1,KES,594.05,1.854,5,5,建筑工程,roofing and waterproofing works,movement joint,joint filling
800152,concrete mixer 400L,Equipment,General,machine-shift,503.7,503.7,503.7,503.7,1,KES,12.16,0.0241,5,5,建筑工程,concrete and reinforced concrete works,on-site concrete additional,
850130,electricity RC2000SL11,Equipment,General,machine-shift,484.47,484.47,484.47,484.47,1,KES,755.78,1.56,5,5,建筑工程,General installation works - Vol.4 Electrical equipment installation,electricity,"10kV, single"
150197,stone,Material,General,pcs,38.45,38.45,38.45,38.45,1,KES,1.98,0.0514,5,5,建筑工程,General installation works - Vol.4 Electrical equipment installation,,
280118,T1-T4,Material,General,pcs,33.32,33.32,33.32,33.32,1,KES,33.99,1.02,5,5,建筑工程,General installation works - Vol.4 Electrical equipment installation,moulding installation,
280072,moulding 86H,Material,General,pcs,33.32,33.32,33.32,33.32,1,KES,33.99,1.02,5,5,建筑工程,General installation works - Vol.4 Electrical equipment installation,moulding installation,
090088,galvanized lock nut 70,Material,Fasteners,pcs,18.33,18.33,18.33,18.33,1,KES,2.64,0.1442,5,5,建筑工程,General installation works - Vol.4 Electrical equipment installation,,galvanized steel pipe
100393,PVC poly membrane 1.5 thickness (glass type),Material,Waterproofing,m2,897.17,897.17,897.17,897.17,1,KES,991.37,1.105,5,5,建筑工程,roofing and waterproofing works,Roof waterproofing and sundries,roof membrane waterproofing
100255,PVC poly membrane 1.5 thickness,Material,Waterproofing,m2,640.84,640.84,640.84,640.84,1,KES,690.18,1.077,5,5,建筑工程,roofing and waterproofing works,Roof waterproofing and sundries,roof membrane waterproofing
100254,poly modified bitumen poly (self-adhesive) 3mm thickness,Material,Waterproofing,m2,692.1,692.1,692.1,692.1,1,KES,859.24,1.2415,5,5,建筑工程,roofing and waterproofing works,Roof waterproofing and sundries,roof membrane waterproofing
170192,PVC 50,Material,General,m,107.92,107.92,107.92,107.92,1,KES,112.99,1.047,5,5,建筑工程,roofing and waterproofing works,Roof waterproofing and sundries,roof water
170103,glass steel 160,Material,Steel & Metal,pcs,223.01,223.01,223.01,223.01,1,KES,22.52,0.101,5,5,建筑工程,roofing and waterproofing works,Roof waterproofing and sundries,roof water
070032,gypsum 700mm beyond,Material,General,pcs,922.8,922.8,922.8,922.8,1,KES,950.49,1.03,5,5,建筑工程,other decoration works,decorative moulding,gypsum decorative moulding
070031,gypsum 700mm within,Material,General,pcs,645.96,645.96,645.96,645.96,1,KES,665.34,1.03,5,5,建筑工程,other decoration works,decorative moulding,gypsum decorative moulding
800015,electric winch single 8t,Equipment,Hoists,machine-shift,1635.41,1635.41,1635.41,1635.41,1,KES,196.25,0.12,5,5,建筑工程,concrete and reinforced concrete works,reinforcing steel works,
100258,poly,Material,General,kg,358.87,358.87,358.87,358.87,1,KES,887.12,2.472,5,5,建筑工程,roofing and waterproofing works,movement joint,joint filling
090383,stainless steel beading 1.3mm,Material,Steel & Metal,m,19.23,19.23,19.23,19.23,1,KES,12.88,0.6697,5,5,建筑工程,"wall and column finishes, partitions and curtain walls",wall facing,wall surface decorative slab
050006,glass 20mm,Material,Glass,m2,3665.58,3665.58,3665.58,3665.58,1,KES,3775.55,1.03,5,5,建筑工程,"wall and column finishes, partitions and curtain walls",wall facing,wall surface decorative slab
180658,steel 50,Material,Steel & Metal,pcs,61.65,61.65,61.65,61.65,1,KES,62.88,1.02,5,5,建筑工程,General installation works - Vol.5 Building intelligence systems,,
800259,height,Equipment,General,machine-shift,117.27,117.27,117.27,117.27,1,KES,589.88,5.03,5,5,建筑工程,concrete and reinforced concrete works,reinforcing steel works,
800061,200t,Equipment,General,machine-shift,118.81,118.81,118.81,118.81,1,KES,597.62,5.03,5,5,建筑工程,concrete and reinforced concrete works,reinforcing steel works,
010574,no adhesive steel moulding,Material,Steel & Metal,kg,88.44,88.44,88.44,88.44,1,KES,90646.17,1025.0,5,5,建筑工程,concrete and reinforced concrete works,reinforcing steel works,
010573,no adhesive steel wire,Material,Steel & Metal,kg,89.08,89.08,89.08,89.08,1,KES,91303.02,1025.0,5,5,建筑工程,concrete and reinforced concrete works,reinforcing steel works,
010572,steel moulding,Material,Steel & Metal,kg,86.9,86.9,86.9,86.9,1,KES,89069.71,1025.0,5,5,建筑工程,concrete and reinforced concrete works,reinforcing steel works,
010571,steel wire,Material,Steel & Metal,kg,86.9,86.9,86.9,86.9,1,KES,89069.71,1025.0,5,5,建筑工程,concrete and reinforced concrete works,reinforcing steel works,
800183,bar straightener,Equipment,General,machine-shift,384.5,384.5,384.5,384.5,1,KES,129.96,0.338,5,5,建筑工程,concrete and reinforced concrete works,reinforcing steel works,
070030,gypsum 600mm beyond,Material,General,pcs,922.8,922.8,922.8,922.8,1,KES,950.49,1.03,5,5,建筑工程,other decoration works,decorative moulding,gypsum decorative moulding
070029,gypsum 600mm within,Material,General,pcs,553.68,553.68,553.68,553.68,1,KES,570.29,1.03,5,5,建筑工程,other decoration works,decorative moulding,gypsum decorative moulding
070028,gypsum,Material,General,pcs,88.44,88.44,88.44,88.44,1,KES,91.09,1.03,5,5,建筑工程,other decoration works,decorative moulding,gypsum decorative moulding
120153,U-shaped strip,Material,General,m,12.82,12.82,12.82,12.82,1,KES,26.92,2.1,5,5,建筑工程,roofing and waterproofing works,,profile and other items roof
100253,modified bitumen metal (self-adhesive) 4mm thickness,Material,Steel & Metal,m2,1345.75,1345.75,1345.75,1345.75,1,KES,1713.15,1.273,5,5,建筑工程,roofing and waterproofing works,Roof waterproofing and sundries,roof membrane waterproofing
070052,mirror finish decorative strip 30mm beyond,Material,General,m,233.26,233.26,233.26,233.26,1,KES,240.26,1.03,5,5,建筑工程,other decoration works,decorative moulding,metal decorative moulding
070051,mirror finish decorative strip 30mm within,Material,General,m,162.77,162.77,162.77,162.77,1,KES,167.66,1.03,5,5,建筑工程,other decoration works,decorative moulding,metal decorative moulding
070050,mirror finish stainless steel decorative strip 30mm beyond,Material,Steel & Metal,m,226.86,226.86,226.86,226.86,1,KES,233.66,1.03,5,5,建筑工程,other decoration works,decorative moulding,metal decorative moulding
070049,mirror finish stainless steel decorative strip 30mm within,Material,Steel & Metal,m,134.58,134.58,134.58,134.58,1,KES,138.61,1.03,5,5,建筑工程,other decoration works,decorative moulding,metal decorative moulding
030108,timber slab,Material,Wood & Timber,m2,3845.01,3845.01,3845.01,3845.01,1,KES,4037.26,1.05,5,5,建筑工程,roofing and waterproofing works,,profile and other items roof
010245,steel wire mesh,Material,Steel & Metal,m2,128.17,128.17,128.17,128.17,1,KES,129.45,1.01,5,5,建筑工程,roofing and waterproofing works,,profile and other items roof
020005,cement brick,Material,Concrete & Cement,m2,544.71,544.71,544.71,544.71,1,KES,555.6,1.02,5,5,建筑工程,roofing and waterproofing works,,profile and other items roof
090877,nail 3×15,Material,Fasteners,set,19.23,19.23,19.23,19.23,1,KES,90.36,4.7,5,5,建筑工程,roofing and waterproofing works,,
090239,steel plate strip 2mm thickness,Material,Steel & Metal,m,111.25,111.25,111.25,111.25,1,KES,272.78,2.452,5,5,建筑工程,roofing and waterproofing works,,
040129,slab type,Material,General,pcs,1089.42,1089.42,1089.42,1089.42,1,KES,145.98,0.134,5,5,建筑工程,roofing and waterproofing works,,
040128,slab type,Material,General,m2,1089.42,1089.42,1089.42,1089.42,1,KES,1122.1,1.03,5,5,建筑工程,roofing and waterproofing works,,
040127,stone metal,Material,Steel & Metal,pcs,384.5,384.5,384.5,384.5,1,KES,111.51,0.29,5,5,建筑工程,roofing and waterproofing works,,
100123,stone,Material,General,kg,39.73,39.73,39.73,39.73,1,KES,14.54,0.366,5,5,建筑工程,Thermal insulation and anti-corrosion works,anti-corrosion finish layer,block facing anti-corrosion finish layer
810110,stone concrete,Material,Concrete & Cement,m3,10204.66,10204.66,10204.66,10204.66,1,KES,335.22,0.0329,5,5,建筑工程,Thermal insulation and anti-corrosion works,anti-corrosion finish layer,anti-corrosion concrete finish layer
810099,concrete,Material,Concrete & Cement,m3,3904.99,3904.99,3904.99,3904.99,1,KES,129.06,0.033,5,5,建筑工程,Thermal insulation and anti-corrosion works,anti-corrosion finish layer,anti-corrosion concrete finish layer
810098,alkali-resistant concrete,Material,Concrete & Cement,m3,5639.35,5639.35,5639.35,5639.35,1,KES,341.74,0.0606,5,5,建筑工程,Thermal insulation and anti-corrosion works,anti-corrosion finish layer,anti-corrosion concrete finish layer
100439,stone adhesive slab 0.8 6,Material,General,kg,207.63,207.63,207.63,207.63,1,KES,51.91,0.25,5,5,建筑工程,General installation works - Vol.6 Automation control instrumentation,,
090161,expansion bolt 12,Material,Fasteners,set,34.48,34.48,34.48,34.48,1,KES,197.76,5.736,5,5,建筑工程,General installation works - Vol.5 Building intelligence systems,installation,"installation, single"
800003,truck crane 10t,Equipment,Cranes,machine-shift,7408.06,7408.06,7408.06,7408.06,1,KES,11112.09,1.5,5,5,建筑工程,General installation works - Vol.5 Building intelligence systems,installation,
800418,electricity,Equipment,General,machine-shift,2076.56,2076.56,2076.56,2076.56,1,KES,415.31,0.2,5,5,建筑工程,General installation works - Vol.5 Building intelligence systems,installation,
390135,floor slab type,Material,General,m3,24351.75,24351.75,24351.75,24351.75,1,KES,24351.75,1.0,5,5,建筑工程,concrete and reinforced concrete works,precast concrete slab,
390130,single slab,Material,General,m3,17815.22,17815.22,17815.22,17815.22,1,KES,17815.22,1.0,5,5,建筑工程,concrete and reinforced concrete works,precast concrete slab,
390129,double T type slab,Material,General,m3,17815.22,17815.22,17815.22,17815.22,1,KES,17815.22,1.0,5,5,建筑工程,concrete and reinforced concrete works,precast concrete slab,
390128,F-shaped slab,Material,General,m3,17815.22,17815.22,17815.22,17815.22,1,KES,17815.22,1.0,5,5,建筑工程,concrete and reinforced concrete works,precast concrete slab,
390144,window frame,Material,Glass,m3,51266.83,51266.83,51266.83,51266.83,1,KES,51266.83,1.0,5,5,建筑工程,concrete and reinforced concrete works,precast concrete frame,
390143,door frame,Material,General,m3,51266.83,51266.83,51266.83,51266.83,1,KES,51266.83,1.0,5,5,建筑工程,concrete and reinforced concrete works,precast concrete frame,
850224,1070,Equipment,General,machine-shift,381.94,381.94,381.94,381.94,1,KES,379.7,0.9942,5,5,建筑工程,General installation works - Vol.6 Automation control instrumentation,,
080191,timber decorative slab,Material,Wood & Timber,m2,1025.34,1025.34,1025.34,1025.34,1,KES,1108.9,1.0815,5,5,建筑工程,"wall and column finishes, partitions and curtain walls",wall facing,wall surface decorative slab
130050,stone,Material,General,kg,19.35,19.35,19.35,19.35,1,KES,84.04,4.3425,5,5,建筑工程,Thermal insulation and anti-corrosion works,anti-corrosion finish layer,block facing anti-corrosion finish layer
120021,water slab,Material,Water,m2,801.04,801.04,801.04,801.04,1,KES,841.1,1.05,5,5,建筑工程,Thermal insulation and anti-corrosion works,anti-corrosion finish layer,block facing anti-corrosion finish layer
040126,stone metal,Material,Steel & Metal,m2,1768.71,1768.71,1768.71,1768.71,1,KES,1821.77,1.03,5,5,建筑工程,roofing and waterproofing works,,
040022,glass steel,Material,Steel & Metal,m2,775.41,775.41,775.41,775.41,1,KES,783.16,1.01,5,5,建筑工程,roofing and waterproofing works,,
040014,cement,Material,Concrete & Cement,pcs,38.45,38.45,38.45,38.45,1,KES,11.15,0.29,5,5,建筑工程,roofing and waterproofing works,,
390008,T-shaped beam,Material,General,m3,25520.63,25520.63,25520.63,25520.63,1,KES,25520.63,1.0,5,5,建筑工程,concrete and reinforced concrete works,precast concrete beam,
390127,with slab,Material,General,m3,17815.22,17815.22,17815.22,17815.22,1,KES,17815.22,1.0,5,5,建筑工程,concrete and reinforced concrete works,precast concrete slab,
080753,galvanized steel pipe keel 50×50×1.5,Material,Steel & Metal,m,256.33,256.33,256.33,256.33,1,KES,1540.62,6.0102,5,5,建筑工程,"wall and column finishes, partitions and curtain walls",wall facing,wall surface decorative slab
080140,aluminium alloy keel 25×50×3,Material,General,m,54.73,54.73,54.73,54.73,1,KES,227.5,4.157,5,5,建筑工程,"wall and column finishes, partitions and curtain walls",wall facing,wall surface decorative slab
080139,aluminium alloy keel 40×40×3,Material,General,m,68.44,68.44,68.44,68.44,1,KES,384.93,5.6242,5,5,建筑工程,"wall and column finishes, partitions and curtain walls",wall facing,wall surface decorative slab
080009,angle steel keel 30×30×3,Material,Steel & Metal,kg,58.96,58.96,58.96,58.96,1,KES,721.01,12.2294,5,5,建筑工程,"wall and column finishes, partitions and curtain walls",wall facing,wall surface decorative slab
080002,light-gauge steel keel 25×25,Material,Steel & Metal,m,58.19,58.19,58.19,58.19,1,KES,259.05,4.452,5,5,建筑工程,"wall and column finishes, partitions and curtain walls",wall facing,wall surface decorative slab
080001,light-gauge steel keel 50×20,Material,Steel & Metal,m,72.54,72.54,72.54,72.54,1,KES,429.29,5.9177,5,5,建筑工程,"wall and column finishes, partitions and curtain walls",wall facing,wall surface decorative slab
370243,glass,Material,Glass,m2,64.08,64.08,64.08,64.08,1,KES,70.49,1.1,5,5,建筑工程,door and window works,,
040010,glass steel,Material,Steel & Metal,pcs,342.21,342.21,342.21,342.21,1,KES,50.17,0.1466,5,5,建筑工程,roofing and waterproofing works,,
040009,decorative,Material,General,m2,617.77,617.77,617.77,617.77,1,KES,636.3,1.03,5,5,建筑工程,roofing and waterproofing works,,
110286,emulsion paint,Material,Paint & Coatings,kg,387.06,387.06,387.06,387.06,1,KES,99.67,0.2575,5,5,建筑工程,"painting, coating and wallpapering works",spray and brush coating,ceiling finish layer coating
010019,flat steel 60 beyond,Material,Steel & Metal,kg,49.09,49.09,49.09,49.09,1,KES,475.92,9.6952,5,5,建筑工程,General installation works - Vol.7 Ventilation and air conditioning,and installation,installation
390142,frame,Material,General,m3,51266.83,51266.83,51266.83,51266.83,1,KES,51266.83,1.0,5,5,建筑工程,concrete and reinforced concrete works,precast concrete frame,
390141,frame,Material,General,m3,51266.83,51266.83,51266.83,51266.83,1,KES,51266.83,1.0,5,5,建筑工程,concrete and reinforced concrete works,precast concrete frame,
390140,moulding - shaped frame,Material,General,m3,57675.19,57675.19,57675.19,57675.19,1,KES,57675.19,1.0,5,5,建筑工程,concrete and reinforced concrete works,precast concrete frame,
010252,steel wire,Material,Steel & Metal,kg,132.01,132.01,132.01,132.01,1,KES,19.8,0.15,5,5,建筑工程,concrete and reinforced concrete works,precast concrete frame,
810203,mortar 1: 0.3: 1.5,Material,Concrete & Cement,m3,7433.69,7433.69,7433.69,7433.69,1,KES,4.46,0.0006,5,5,建筑工程,concrete and reinforced concrete works,precast concrete beam,
390136,special-shaped beam,Material,General,m3,26915.09,26915.09,26915.09,26915.09,1,KES,26915.09,1.0,5,5,建筑工程,concrete and reinforced concrete works,precast concrete beam,
390132,rectangular beam,Material,General,m3,24351.75,24351.75,24351.75,24351.75,1,KES,24351.75,1.0,5,5,建筑工程,concrete and reinforced concrete works,precast concrete beam,
390124,beam,Material,General,m3,31400.93,31400.93,31400.93,31400.93,1,KES,31400.93,1.0,5,5,建筑工程,concrete and reinforced concrete works,precast concrete beam,
390123,special-shaped beam structural,Material,General,m3,23070.07,23070.07,23070.07,23070.07,1,KES,23070.07,1.0,5,5,建筑工程,concrete and reinforced concrete works,precast concrete beam,
110111,polyurethane coating layer,Material,General,kg,132.01,132.01,132.01,132.01,1,KES,46.71,0.3538,5,5,建筑工程,Thermal insulation and anti-corrosion works,anti-corrosion,anti-corrosion coating
100142,water-based adhesive bitumen,Material,Waterproofing,kg,79.46,79.46,79.46,79.46,1,KES,71.52,0.9,5,5,建筑工程,Thermal insulation and anti-corrosion works,anti-corrosion,separation layer
060047,GRC stone 0.2m2 within,Material,General,m2,512.67,512.67,512.67,512.67,1,KES,526.77,1.0275,5,5,建筑工程,"wall and column finishes, partitions and curtain walls",column (beam) surface tiling block facing,block facing column surface
400063,C30 concrete,Material,Concrete & Cement,m3,6152.02,6152.02,6152.02,6152.02,1,KES,6084.35,0.989,5,5,建筑工程,concrete and reinforced concrete works,cast-in-situ concrete column,
180861,aluminium alloy,Material,General,m,256.33,256.33,256.33,256.33,1,KES,20.51,0.08,5,5,建筑工程,General installation works - Vol.7 Ventilation and air conditioning,,
230008,aluminium adhesive with 64,Material,General,m,43.58,43.58,43.58,43.58,1,KES,31.38,0.72,5,5,建筑工程,General installation works - Vol.7 Ventilation and air conditioning,,
110752,adhesive water,Material,Water,kg,38.45,38.45,38.45,38.45,1,KES,15.61,0.406,5,5,建筑工程,General installation works - Vol.7 Ventilation and air conditioning,,
060012,marble slab 0.25m2 beyond,Material,General,m2,2563.34,2563.34,2563.34,2563.34,1,KES,2614.61,1.02,5,5,建筑工程,floor finishing works,floor tiling,
090619,galvanized with bolt 8×(65 80),Material,Fasteners,set,6.15,6.15,6.15,6.15,1,KES,49.42,8.0336,5,5,建筑工程,General installation works - Vol.7 Ventilation and air conditioning,,galvanized steel plate installation (1.0mm thick)
110494,polyurethane primer,Material,Paint & Coatings,kg,320.42,320.42,320.42,320.42,1,KES,62.48,0.195,5,5,建筑工程,"painting, coating and wallpapering works",metal surface paint,"metal surface, steel structural paint"
110789,sealing primer,Material,Paint & Coatings,kg,358.87,358.87,358.87,358.87,1,KES,107.66,0.3,5,5,建筑工程,"painting, coating and wallpapering works",metal surface paint,"metal surface, steel structural paint"
110033,paint,Material,Paint & Coatings,kg,576.75,576.75,576.75,576.75,1,KES,11.38,0.0197,5,5,建筑工程,"painting, coating and wallpapering works",timber surface paint,timber ground slab paint
110006,with finishing coat varnish,Material,Paint & Coatings,kg,242.24,242.24,242.24,242.24,1,KES,10.67,0.0441,5,5,建筑工程,"painting, coating and wallpapering works",timber surface paint,timber ground slab paint
810182,cement stone (washed-stone finish),Material,Concrete & Cement,m3,3716.85,3716.85,3716.85,3716.85,1,KES,49.43,0.0133,5,5,建筑工程,"wall and column finishes, partitions and curtain walls",,decorative wall plastering
180656,steel 32,Material,Steel & Metal,pcs,24.86,24.86,24.86,24.86,1,KES,25.11,1.01,5,5,建筑工程,"General installation works - Vol.10 Water supply, drainage, heating, gas",installation,
180027,galvanized 32,Material,General,pcs,33.84,33.84,33.84,33.84,1,KES,68.01,2.01,5,5,建筑工程,"General installation works - Vol.10 Water supply, drainage, heating, gas",installation,
180021,galvanized splice 32,Material,General,pcs,94.84,94.84,94.84,94.84,1,KES,191.58,2.02,5,5,建筑工程,"General installation works - Vol.10 Water supply, drainage, heating, gas",installation,
180010,galvanized 32,Material,General,pcs,33.32,33.32,33.32,33.32,1,KES,33.66,1.01,5,5,建筑工程,"General installation works - Vol.10 Water supply, drainage, heating, gas",installation,
180031,galvanized 15,Material,General,pcs,16.66,16.66,16.66,16.66,1,KES,20.19,1.212,5,5,建筑工程,"General installation works - Vol.10 Water supply, drainage, heating, gas",water installation,
180252,20,Material,General,pcs,11.15,11.15,11.15,11.15,1,KES,19.74,1.77,5,5,建筑工程,Piling works,bored pile,
110301,waterproofing primer,Material,Paint & Coatings,kg,153.8,153.8,153.8,153.8,1,KES,29.68,0.193,5,5,建筑工程,"wall and column finishes, partitions and curtain walls",,
060015,marble skirting board (h 150mm),Material,Wood & Timber,m,528.05,528.05,528.05,528.05,1,KES,583.49,1.105,5,5,建筑工程,floor finishing works,skirting,
850231,"V5 ISDN, 7",Equipment,General,machine-shift,6086.27,6086.27,6086.27,6086.27,1,KES,6492.02,1.0667,5,5,建筑工程,General installation works - Vol.11 Communication equipment and lines,,
350150,RV-105 poly electricity moulding 0.5,Material,General,m,11.02,11.02,11.02,11.02,1,KES,52.76,4.7867,5,5,建筑工程,General installation works - Vol.11 Communication equipment and lines,moulding,
180129,flat (1.0MPa) 200,Material,General,pcs,1038.15,1038.15,1038.15,1038.15,1,KES,1245.78,1.2,5,5,建筑工程,"General installation works - Vol.10 Water supply, drainage, heating, gas",,installation
180128,flat (1.0MPa) 150,Material,General,pcs,676.72,676.72,676.72,676.72,1,KES,812.07,1.2,5,5,建筑工程,"General installation works - Vol.10 Water supply, drainage, heating, gas",,installation
180126,flat (1.0MPa) 100,Material,General,pcs,429.36,429.36,429.36,429.36,1,KES,515.23,1.2,5,5,建筑工程,"General installation works - Vol.10 Water supply, drainage, heating, gas",,installation
180125,flat (1.0MPa) 80,Material,General,pcs,347.33,347.33,347.33,347.33,1,KES,416.8,1.2,5,5,建筑工程,"General installation works - Vol.10 Water supply, drainage, heating, gas",,installation
110302,coating,Material,General,kg,96.13,96.13,96.13,96.13,1,KES,148.51,1.545,5,5,建筑工程,"painting, coating and wallpapering works",spray and brush coating,ceiling finish layer coating
110776,moisture-proofing sealing primer,Material,Paint & Coatings,kg,243.52,243.52,243.52,243.52,1,KES,60.88,0.25,5,5,建筑工程,"painting, coating and wallpapering works",paint on plastered surface,paint on plastered surface
110767,coating H87,Material,General,kg,333.23,333.23,333.23,333.23,1,KES,73.04,0.2192,5,5,建筑工程,"General installation works - Vol.12 Painting, anti-corrosion, thermal insulation",,
830048,lock,Material,General,kg,65.37,65.37,65.37,65.37,1,KES,5090.25,77.874,5,5,建筑工程,ground treatment and slope support,foundation pit,ground wall
010689,Pb2ϕ5 13,Material,General,kg,367.84,367.84,367.84,367.84,1,KES,8828.15,24.0,5,5,建筑工程,General installation works - Vol.11 Communication equipment and lines,,
460057,stone,Material,General,kg,60.62,60.62,60.62,60.62,1,KES,60.62,1.0,5,5,建筑工程,General installation works - Vol.11 Communication equipment and lines,,
040225,stone,Material,General,kg,1.67,1.67,1.67,1.67,1,KES,509.85,306.0,5,5,建筑工程,earthwork and rock works,backfill,foundation backfill
800531,electricity,Equipment,General,machine-shift,2835.06,2835.06,2835.06,2835.06,1,KES,11.62,0.0041,5,5,建筑工程,earthwork and rock works,,
800292,road roller (composite),Equipment,General,machine-shift,6026.42,6026.42,6026.42,6026.42,1,KES,2.41,0.0004,5,5,建筑工程,earthwork and rock works,,
800626,30kW,Equipment,General,machine-shift,196.1,196.1,196.1,196.1,1,KES,9.76,0.0498,4,4,建筑工程,"General installation works - Vol.12 Painting, anti-corrosion, thermal insulation",spraying,spraying stone
110100,bitumen primer,Material,Paint & Coatings,kg,387.06,387.06,387.06,387.06,1,KES,51.87,0.134,4,4,建筑工程,"General installation works - Vol.12 Painting, anti-corrosion, thermal insulation",rectangular brushing,
390086,concrete precast pile,Material,Concrete & Cement,pcs,769.0,769.0,769.0,769.0,1,KES,488.06,0.6347,4,4,建筑工程,ground treatment and slope support,,
830049,pile,Material,General,kg,50.63,50.63,50.63,50.63,1,KES,273.72,5.4067,4,4,建筑工程,ground treatment and slope support,,
800257,pile 40t,Equipment,General,machine-shift,8889.67,8889.67,8889.67,8889.67,1,KES,957.71,0.1077,4,4,建筑工程,ground treatment and slope support,,
010043,galvanized steel plate 0.5,Material,Steel & Metal,m2,310.16,310.16,310.16,310.16,1,KES,407.87,1.315,4,4,建筑工程,"General installation works - Vol.12 Painting, anti-corrosion, thermal insulation",fabrication installation,
800042,1.5,Equipment,General,machine-shift,188.41,188.41,188.41,188.41,1,KES,1.65,0.0088,4,4,建筑工程,"General installation works - Vol.12 Painting, anti-corrosion, thermal insulation",fabrication installation,
810119,1: 2.5 terrazzo stone,Material,General,m3,14293.83,14293.83,14293.83,14293.83,1,KES,227.27,0.0159,4,4,建筑工程,floor finishing works,,
110464,type with no composite coating,Equipment,General,kg,456.27,456.27,456.27,456.27,1,KES,206.97,0.4536,4,4,建筑工程,"painting, coating and wallpapering works",spray and brush coating,wall surface finish layer coating
090253,strip 4×6mm,Material,General,m,138.42,138.42,138.42,138.42,1,KES,146.73,1.06,4,4,建筑工程,floor finishing works,staircase finish layer,
090187,bolt YG1-M10,Material,Fasteners,pcs,23.07,23.07,23.07,23.07,1,KES,27.68,1.2,4,4,建筑工程,floor finishing works,staircase finish layer,
090337,stainless steel,Material,Steel & Metal,m,199.94,199.94,199.94,199.94,1,KES,209.94,1.05,4,4,建筑工程,floor finishing works,staircase finish layer,
090339,stainless steel slab,Material,Steel & Metal,m,166.62,166.62,166.62,166.62,1,KES,174.95,1.05,4,4,建筑工程,floor finishing works,staircase finish layer,
800145,flat surface grinding surface,Equipment,General,machine-shift,85.23,85.23,85.23,85.23,1,KES,9.2,0.108,4,4,建筑工程,floor finishing works,,
060087,finished product special-shaped type stone slab 5mm,Material,General,m2,3588.68,3588.68,3588.68,3588.68,1,KES,3861.42,1.076,4,4,建筑工程,"wall and column finishes, partitions and curtain walls",column (beam) surface tiling block facing,stone slab column surface
060088,finished product type stone slab 8 12mm,Material,General,m2,2050.67,2050.67,2050.67,2050.67,1,KES,2101.94,1.025,4,4,建筑工程,"wall and column finishes, partitions and curtain walls",column (beam) surface tiling block facing,stone slab column surface
060100,finished product special-shaped type stone slab 8 12mm,Material,General,m2,4101.35,4101.35,4101.35,4101.35,1,KES,4413.05,1.076,4,4,建筑工程,"wall and column finishes, partitions and curtain walls",column (beam) surface tiling block facing,stone slab column surface
110083,poly,Material,General,kg,566.5,566.5,566.5,566.5,1,KES,206.49,0.3645,4,4,建筑工程,Thermal insulation and anti-corrosion works,anti-corrosion,separation layer
110794,coating layer,Material,General,kg,410.13,410.13,410.13,410.13,1,KES,180.36,0.4398,4,4,建筑工程,Thermal insulation and anti-corrosion works,anti-corrosion,anti-corrosion coating
090092,with bolt 6×(16 25),Material,Fasteners,set,1.15,1.15,1.15,1.15,1,KES,9.15,7.9303,4,4,建筑工程,General installation works - Vol.7 Ventilation and air conditioning,,"steel plate installation (3mm thickness, welding)"
090618,galvanized -shaped nut 8,Material,Fasteners,pcs,10.0,10.0,10.0,10.0,1,KES,10.6,1.06,4,4,建筑工程,General installation works - Vol.7 Ventilation and air conditioning,,
090468,galvanized nail,Material,Fasteners,pcs,2.56,2.56,2.56,2.56,1,KES,22.4,8.74,4,4,建筑工程,"painting, coating and wallpapering works",moulding,
110463,thickness type no wall coating,Equipment,General,kg,492.16,492.16,492.16,492.16,1,KES,310.06,0.63,4,4,建筑工程,"painting, coating and wallpapering works",spray and brush coating,wall surface finish layer coating
090311,window single,Material,Glass,m,80.23,80.23,80.23,80.23,1,KES,84.24,1.05,4,4,建筑工程,door and window works,"window, window",
090312,window double,Material,Glass,m,160.21,160.21,160.21,160.21,1,KES,168.22,1.05,4,4,建筑工程,door and window works,"window, window",
090315,window single,Material,Glass,m,298.63,298.63,298.63,298.63,1,KES,298.63,1.0,4,4,建筑工程,door and window works,"window, window",
090316,window double,Material,Glass,m,570.34,570.34,570.34,570.34,1,KES,570.34,1.0,4,4,建筑工程,door and window works,"window, window",
110753,type no coating,Equipment,General,kg,192.25,192.25,192.25,192.25,1,KES,96.89,0.504,4,4,建筑工程,"painting, coating and wallpapering works",spray and brush coating,wall surface finish layer coating
110754,thickness type with no composite coating,Equipment,General,kg,397.32,397.32,397.32,397.32,1,KES,220.27,0.5544,4,4,建筑工程,"painting, coating and wallpapering works",spray and brush coating,wall surface finish layer coating
020103,plastering SN block,Material,General,m3,6152.02,6152.02,6152.02,6152.02,1,KES,4872.4,0.792,4,4,建筑工程,Masonry works,block masonry,
020104,plastering SN special-shaped block,Material,General,m3,6216.1,6216.1,6216.1,6216.1,1,KES,1156.2,0.186,4,4,建筑工程,Masonry works,block masonry,
400010,C35 ready-mixed concrete,Material,Concrete & Cement,m3,5447.1,5447.1,5447.1,5447.1,1,KES,5528.81,1.015,4,4,建筑工程,concrete and reinforced concrete works,cast-in-situ concrete with,
400066,mesh,Material,General,m2,64.08,64.08,64.08,64.08,1,KES,235.51,3.675,4,4,建筑工程,concrete and reinforced concrete works,cast-in-situ concrete with,
800222,loader 5t,Equipment,General,machine-shift,3796.31,3796.31,3796.31,3796.31,1,KES,759.26,0.2,4,4,建筑工程,General installation works - Vol.7 Ventilation and air conditioning,,water installation
110603,without composite coating,Equipment,General,kg,456.27,456.27,456.27,456.27,1,KES,143.73,0.315,4,4,建筑工程,"painting, coating and wallpapering works",spray and brush coating,ceiling finish layer coating
110602,no coating,Equipment,General,kg,211.48,211.48,211.48,211.48,1,KES,65.03,0.3075,4,4,建筑工程,"painting, coating and wallpapering works",spray and brush coating,ceiling finish layer coating
091058,galvanized with bolt 8×75,Material,Fasteners,set,16.41,16.41,16.41,16.41,1,KES,605.69,36.92,4,4,建筑工程,General installation works - Vol.7 Ventilation and air conditioning,,installation
810096,poly mortar,Material,Concrete & Cement,m3,210732.7,210732.7,210732.7,210732.7,1,KES,663.81,0.0032,4,4,建筑工程,Thermal insulation and anti-corrosion works,anti-corrosion finish layer,anti-corrosion mortar finish layer
810169,poly acrylic cement mortar,Material,Concrete & Cement,m3,20506.73,20506.73,20506.73,20506.73,1,KES,276.84,0.0135,4,4,建筑工程,Thermal insulation and anti-corrosion works,anti-corrosion finish layer,anti-corrosion mortar finish layer
810170,adhesive cement mortar,Material,Concrete & Cement,m3,20634.9,20634.9,20634.9,20634.9,1,KES,278.57,0.0135,4,4,建筑工程,Thermal insulation and anti-corrosion works,anti-corrosion finish layer,anti-corrosion mortar finish layer
810145,adhesive,Material,General,m3,342285.57,342285.57,342285.57,342285.57,1,KES,453.53,0.0013,4,4,建筑工程,Thermal insulation and anti-corrosion works,anti-corrosion finish layer,anti-corrosion adhesive finish layer
350267,adhesive moulding,Material,General,m,19.48,19.48,19.48,19.48,1,KES,12.1,0.621,4,4,建筑工程,General installation works - Vol.6 Automation control instrumentation,lock,
390006,single roof beam,Material,General,m3,30875.45,30875.45,30875.45,30875.45,1,KES,30875.45,1.0,4,4,建筑工程,concrete and reinforced concrete works,precast concrete beam,
390007,double roof beam,Material,General,m3,28760.69,28760.69,28760.69,28760.69,1,KES,28760.69,1.0,4,4,建筑工程,concrete and reinforced concrete works,precast concrete beam,
390009,lintel,Material,General,m3,16124.7,16124.7,16124.7,16124.7,1,KES,16124.7,1.0,4,4,建筑工程,concrete and reinforced concrete works,precast concrete beam,
390133,-shaped beam,Material,General,m3,44858.48,44858.48,44858.48,44858.48,1,KES,44858.48,1.0,4,4,建筑工程,concrete and reinforced concrete works,precast concrete beam,
091522,round galvanized bolt M(2 5)×(10 50),Material,Fasteners,pcs,19.23,19.23,19.23,19.23,1,KES,39.22,2.04,4,4,建筑工程,General installation works - Vol.6 Automation control instrumentation,,
090576,galvanized 5,Material,General,pcs,0.0,0.0,0.0,0.0,0,KES,0.0,2.04,4,4,建筑工程,General installation works - Vol.6 Automation control instrumentation,,
030115,timber strip slab,Material,Wood & Timber,m2,1025.34,1025.34,1025.34,1025.34,1,KES,1127.87,1.1,4,4,建筑工程,"wall and column finishes, partitions and curtain walls",wall facing,wall surface decorative slab
130098,rock wool composite slab,Material,Aggregates,m3,11150.54,11150.54,11150.54,11150.54,1,KES,367.97,0.033,4,4,建筑工程,Thermal insulation and anti-corrosion works,,wall surface
400065,cement slab,Material,Concrete & Cement,m3,5767.52,5767.52,5767.52,5767.52,1,KES,190.33,0.033,4,4,建筑工程,Thermal insulation and anti-corrosion works,,wall surface
130099,glass wool composite slab,Material,Glass,m3,6921.02,6921.02,6921.02,6921.02,1,KES,228.39,0.033,4,4,建筑工程,Thermal insulation and anti-corrosion works,,wall surface
090248,mesh,Material,General,m2,79.46,79.46,79.46,79.46,1,KES,83.12,1.046,4,4,建筑工程,concrete and reinforced concrete works,structural,
090163,expansion bolt 16,Material,Fasteners,set,59.6,59.6,59.6,59.6,1,KES,188.33,3.16,4,4,建筑工程,General installation works - Vol.5 Building intelligence systems,installation,"installation, single"
810097,double A poly mortar,Material,Concrete & Cement,m3,222909.34,222909.34,222909.34,222909.34,1,KES,702.16,0.0032,4,4,建筑工程,Thermal insulation and anti-corrosion works,anti-corrosion finish layer,anti-corrosion mortar finish layer
810171,mortar,Material,Concrete & Cement,m3,21788.4,21788.4,21788.4,21788.4,1,KES,68.63,0.0032,4,4,建筑工程,Thermal insulation and anti-corrosion works,anti-corrosion finish layer,anti-corrosion mortar finish layer
400404,SF water mortar,Material,Concrete & Cement,m3,9612.53,9612.53,9612.53,9612.53,1,KES,147.07,0.0153,4,4,建筑工程,Thermal insulation and anti-corrosion works,,
080006,light-gauge steel keel 75×50,Material,Steel & Metal,kg,130.73,130.73,130.73,130.73,1,KES,311.33,2.3815,4,4,建筑工程,"wall and column finishes, partitions and curtain walls",column (beam) facing,column (beam) surface decorative
850252,HP8563E,Equipment,General,machine-shift,2395.7,2395.7,2395.7,2395.7,1,KES,1197.85,0.5,4,4,建筑工程,General installation works - Vol.5 Building intelligence systems,installation,electricity
091227,4×40,Material,General,pcs,0.64,0.64,0.64,0.64,1,KES,1.33,2.08,4,4,建筑工程,General installation works - Vol.5 Building intelligence systems,mesh,
090207,galvanized electricity 2×35,Material,General,pcs,14.48,14.48,14.48,14.48,1,KES,362.07,25.0,4,4,建筑工程,General installation works - Vol.5 Building intelligence systems,installation,
330027,moulding RJ45,Material,General,pcs,19.23,19.23,19.23,19.23,1,KES,1922.51,100.0,4,4,建筑工程,General installation works - Vol.5 Building intelligence systems,installation,
130102,frame slab,Material,General,m3,17302.56,17302.56,17302.56,17302.56,1,KES,17302.56,1.0,4,4,建筑工程,concrete and reinforced concrete works,structural,
390022,balcony,Material,General,m3,24428.65,24428.65,24428.65,24428.65,1,KES,24428.65,1.0,4,4,建筑工程,concrete and reinforced concrete works,structural,
390028,structural type,Material,General,m3,25848.74,25848.74,25848.74,25848.74,1,KES,25848.74,1.0,4,4,建筑工程,concrete and reinforced concrete works,structural,
390166,structural,Material,General,m3,15662.02,15662.02,15662.02,15662.02,1,KES,15662.02,1.0,4,4,建筑工程,concrete and reinforced concrete works,structural,
390151,type wall slab,Material,General,m3,31913.6,31913.6,31913.6,31913.6,1,KES,31913.6,1.0,4,4,建筑工程,concrete and reinforced concrete works,structural,
800414,HYB-5,Equipment,General,machine-shift,816.42,816.42,816.42,816.42,1,KES,48.99,0.06,4,4,建筑工程,ground treatment and slope support,,
800416,spraying pile D1200,Equipment,General,machine-shift,3269.54,3269.54,3269.54,3269.54,1,KES,228.87,0.07,4,4,建筑工程,ground treatment and slope support,,
800423,electricity water pump H 12,Equipment,Pumps,machine-shift,317.85,317.85,317.85,317.85,1,KES,22.99,0.0723,4,4,建筑工程,ground treatment and slope support,,
040003,ceramsite,Material,General,m3,2153.21,2153.21,2153.21,2153.21,1,KES,3104.92,1.442,4,4,建筑工程,Thermal insulation and anti-corrosion works,,
810089,1: 1.5: 4 ceramsite concrete,Material,Concrete & Cement,m3,4870.99,4870.99,4870.99,4870.99,1,KES,4944.05,1.015,4,4,建筑工程,Thermal insulation and anti-corrosion works,,
810166,1: 1.5: 4 additional concrete concrete,Material,Concrete & Cement,m3,3845.01,3845.01,3845.01,3845.01,1,KES,3902.69,1.015,4,4,建筑工程,Thermal insulation and anti-corrosion works,,
130885,EPS board,Material,Wood & Timber,m3,8266.78,8266.78,8266.78,8266.78,1,KES,272.8,0.033,4,4,建筑工程,Thermal insulation and anti-corrosion works,,wall surface
130886,EPS board,Material,Wood & Timber,m3,8459.03,8459.03,8459.03,8459.03,1,KES,279.15,0.033,4,4,建筑工程,Thermal insulation and anti-corrosion works,,wall surface
060032,decorative gypsum board 6mm thickness,Material,Wood & Timber,m2,413.98,413.98,413.98,413.98,1,KES,434.68,1.05,4,4,建筑工程,"wall and column finishes, partitions and curtain walls",wall facing,wall surface decorative slab
080004,light-gauge steel keel 75×40,Material,Steel & Metal,kg,106.38,106.38,106.38,106.38,1,KES,146.59,1.378,4,4,建筑工程,"wall and column finishes, partitions and curtain walls",column (beam) facing,column (beam) surface decorative
350225,double moulding 8,Material,General,m,27.17,27.17,27.17,27.17,1,KES,166.29,6.12,4,4,建筑工程,General installation works - Vol.5 Building intelligence systems,,
390018,window slab,Material,Glass,m3,22606.11,22606.11,22606.11,22606.11,1,KES,22606.11,1.0,4,4,建筑工程,concrete and reinforced concrete works,structural,
390019,"window frame, slab",Material,Glass,m3,34605.11,34605.11,34605.11,34605.11,1,KES,34605.11,1.0,4,4,建筑工程,concrete and reinforced concrete works,structural,
390149,wall slab,Material,General,m3,18558.59,18558.59,18558.59,18558.59,1,KES,18558.59,1.0,4,4,建筑工程,concrete and reinforced concrete works,structural,
800158,(reinforcing steel),Equipment,General,machine-shift,576.75,576.75,576.75,576.75,1,KES,10.38,0.018,4,4,建筑工程,concrete and reinforced concrete works,iron fittings,
040130,bitumen,Material,Waterproofing,m2,512.67,512.67,512.67,512.67,1,KES,1218.61,2.377,4,4,建筑工程,roofing and waterproofing works,,
040131,bitumen,Material,Waterproofing,pcs,666.47,666.47,666.47,666.47,1,KES,193.28,0.29,4,4,建筑工程,roofing and waterproofing works,,
040066,195×310,Material,General,m,397.32,397.32,397.32,397.32,1,KES,20.46,0.0515,4,4,建筑工程,roofing and waterproofing works,,
380039,bolt steel mesh frame,Material,Steel & Metal,t,89716.96,89716.96,89716.96,89716.96,1,KES,89716.96,1.0,4,4,建筑工程,metal-structure works,,
120058,moulding,Material,General,m,106.89,106.89,106.89,106.89,1,KES,214.85,2.01,4,4,建筑工程,"wall and column finishes, partitions and curtain walls",column (beam) facing,column (beam) surface decorative
080245,timber slab,Material,Wood & Timber,m2,384.5,384.5,384.5,384.5,1,KES,1989.93,5.1754,4,4,建筑工程,"wall and column finishes, partitions and curtain walls",column (beam) facing,column (beam) surface decorative
070101,finished product marble column height 350mm within,Material,General,pcs,2499.26,2499.26,2499.26,2499.26,1,KES,2499.26,1.0,4,4,建筑工程,"wall and column finishes, partitions and curtain walls",column (beam) facing,finished product decorative column
060067,stone wall surface,Material,General,m2,1538.0,1538.0,1538.0,1538.0,1,KES,1484.17,0.965,4,4,建筑工程,"wall and column finishes, partitions and curtain walls",wall block-facing layer,block facing wall surface
110518,metal,Material,Steel & Metal,kg,76.9,76.9,76.9,76.9,1,KES,384.5,5.0,4,4,建筑工程,floor finishing works,,
800519,round,Equipment,General,machine-shift,66.13,66.13,66.13,66.13,1,KES,7.66,0.1158,4,4,建筑工程,floor finishing works,,
150052,stone,Material,General,pcs,153.8,153.8,153.8,153.8,1,KES,50.75,0.33,4,4,建筑工程,floor finishing works,,
810042,1: 2.5 terrazzo cement stone,Material,Concrete & Cement,m3,8020.7,8020.7,8020.7,8020.7,1,KES,127.53,0.0159,4,4,建筑工程,floor finishing works,,
020096,block,Material,General,m3,5126.68,5126.68,5126.68,5126.68,1,KES,3601.49,0.7025,4,4,建筑工程,Masonry works,block masonry,
020102,special-shaped block,Material,General,m3,5639.35,5639.35,5639.35,5639.35,1,KES,930.49,0.165,4,4,建筑工程,Masonry works,block masonry,
010390,25 within,Material,General,pcs,83.31,83.31,83.31,83.31,1,KES,84.14,1.01,4,4,建筑工程,concrete and reinforced concrete works,iron fittings,
010409,25 beyond,Material,General,pcs,152.52,152.52,152.52,152.52,1,KES,154.04,1.01,4,4,建筑工程,concrete and reinforced concrete works,iron fittings,
090199,25 within,Material,General,pcs,108.94,108.94,108.94,108.94,1,KES,110.03,1.01,4,4,建筑工程,concrete and reinforced concrete works,iron fittings,
090200,25 beyond,Material,General,pcs,121.76,121.76,121.76,121.76,1,KES,122.98,1.01,4,4,建筑工程,concrete and reinforced concrete works,iron fittings,
130043,polyurethane,Material,General,m3,19225.06,19225.06,19225.06,19225.06,1,KES,785.82,0.0409,4,4,建筑工程,"General installation works - Vol.10 Water supply, drainage, heating, gas",,
110296,polyurethane adhesive,Material,General,kg,48.19,48.19,48.19,48.19,1,KES,46.96,0.9744,4,4,建筑工程,"General installation works - Vol.10 Water supply, drainage, heating, gas",,
040068,310×310,Material,General,m2,795.92,795.92,795.92,795.92,1,KES,835.71,1.05,4,4,建筑工程,roofing and waterproofing works,,
040132,-shaped bitumen,Material,Waterproofing,m2,666.47,666.47,666.47,666.47,1,KES,686.46,1.03,4,4,建筑工程,roofing and waterproofing works,,
040133,-shaped bitumen,Material,Waterproofing,pcs,666.47,666.47,666.47,666.47,1,KES,193.28,0.29,4,4,建筑工程,roofing and waterproofing works,,
040134,timber strip 30×50,Material,Wood & Timber,m,115.35,115.35,115.35,115.35,1,KES,196.1,1.7,4,4,建筑工程,roofing and waterproofing works,,
070099,metal mirror moulding,Material,Steel & Metal,m,128.17,128.17,128.17,128.17,1,KES,132.01,1.03,4,4,建筑工程,other decoration works,decorative moulding,metal decorative moulding
070065,aluminium alloy moulding 60mm beyond,Material,General,m,123.04,123.04,123.04,123.04,1,KES,126.73,1.03,4,4,建筑工程,other decoration works,decorative moulding,metal decorative moulding
070066,stainless steel moulding 60mm beyond,Material,Steel & Metal,m,226.86,226.86,226.86,226.86,1,KES,233.66,1.03,4,4,建筑工程,other decoration works,decorative moulding,metal decorative moulding
070067,mirror finish moulding 60mm beyond,Material,General,m,233.26,233.26,233.26,233.26,1,KES,240.26,1.03,4,4,建筑工程,other decoration works,decorative moulding,metal decorative moulding
090714,water drill bit,Material,Water,pcs,1922.51,1922.51,1922.51,1922.51,1,KES,107.37,0.0558,4,4,建筑工程,General installation works - Vol.4 Electrical equipment installation,(),concrete bonding structural water ()
180033,galvanized 25,Material,General,pcs,41.01,41.01,41.01,41.01,1,KES,31.58,0.77,4,4,建筑工程,Piling works,bored pile,
010105,no steel pipe 325×8,Material,Steel & Metal,m,3702.75,3702.75,3702.75,3702.75,1,KES,1656.98,0.4475,4,4,建筑工程,"General installation works - Vol.10 Water supply, drainage, heating, gas",fabrication installation,waterproofing fabrication
380040,welding steel mesh frame,Material,Steel & Metal,t,94202.8,94202.8,94202.8,94202.8,1,KES,94202.8,1.0,4,4,建筑工程,metal-structure works,,
380041,bolt steel mesh,Material,Steel & Metal,t,90998.63,90998.63,90998.63,90998.63,1,KES,90998.63,1.0,4,4,建筑工程,metal-structure works,,
380042,welding steel mesh,Material,Steel & Metal,t,96125.31,96125.31,96125.31,96125.31,1,KES,96125.31,1.0,4,4,建筑工程,metal-structure works,,
380017,steel frame single 1t,Material,Steel & Metal,t,87794.45,87794.45,87794.45,87794.45,1,KES,87794.45,1.0,4,4,建筑工程,metal-structure works,steel frame,
380043,door steel frame,Material,Steel & Metal,t,89947.66,89947.66,89947.66,89947.66,1,KES,89947.66,1.0,4,4,建筑工程,metal-structure works,steel frame,
070005,timber flat moulding 25mm within,Material,Wood & Timber,m,51.65,51.65,51.65,51.65,1,KES,55.78,1.08,4,4,建筑工程,other decoration works,decorative moulding,timber decorative moulding
070006,timber flat moulding 25mm beyond,Material,Wood & Timber,m,96.13,96.13,96.13,96.13,1,KES,103.82,1.08,4,4,建筑工程,other decoration works,decorative moulding,timber decorative moulding
070007,timber flat moulding 60mm within,Material,Wood & Timber,m,86.13,86.13,86.13,86.13,1,KES,93.02,1.08,4,4,建筑工程,other decoration works,decorative moulding,timber decorative moulding
070008,timber flat moulding 60mm beyond,Material,Wood & Timber,m,153.8,153.8,153.8,153.8,1,KES,166.1,1.08,4,4,建筑工程,other decoration works,decorative moulding,timber decorative moulding
070009,timber moulding 60mm within,Material,Wood & Timber,m,103.3,103.3,103.3,103.3,1,KES,111.57,1.08,4,4,建筑工程,other decoration works,decorative moulding,timber decorative moulding
070010,timber moulding 60mm beyond,Material,Wood & Timber,m,192.25,192.25,192.25,192.25,1,KES,207.63,1.08,4,4,建筑工程,other decoration works,decorative moulding,timber decorative moulding
070011,timber moulding 20mm within,Material,Wood & Timber,m,45.88,45.88,45.88,45.88,1,KES,49.55,1.08,4,4,建筑工程,other decoration works,decorative moulding,timber decorative moulding
070012,timber moulding 20mm beyond,Material,Wood & Timber,m,92.92,92.92,92.92,92.92,1,KES,100.35,1.08,4,4,建筑工程,other decoration works,decorative moulding,timber decorative moulding
070089,timber mirror moulding 15mm within,Material,Wood & Timber,m,23.07,23.07,23.07,23.07,1,KES,24.92,1.08,4,4,建筑工程,other decoration works,decorative moulding,timber decorative moulding
070087,timber mirror moulding 40mm within,Material,Wood & Timber,m,76.9,76.9,76.9,76.9,1,KES,83.05,1.08,4,4,建筑工程,other decoration works,decorative moulding,timber decorative moulding
070088,timber mirror moulding 40mm beyond,Material,Wood & Timber,m,128.17,128.17,128.17,128.17,1,KES,138.42,1.08,4,4,建筑工程,other decoration works,decorative moulding,timber decorative moulding
070098,timber mirror moulding,Material,Wood & Timber,m,72.16,72.16,72.16,72.16,1,KES,77.93,1.08,4,4,建筑工程,other decoration works,decorative moulding,timber decorative moulding
110446,bitumen waterproof coating,Material,Waterproofing,kg,166.62,166.62,166.62,166.62,1,KES,201.0,1.2063,4,4,建筑工程,roofing and waterproofing works,Roof waterproofing and sundries,roof coating waterproofing
100081,water-based adhesive waterproof coating,Material,Waterproofing,kg,166.62,166.62,166.62,166.62,1,KES,378.97,2.2745,4,4,建筑工程,roofing and waterproofing works,Roof waterproofing and sundries,roof coating waterproofing
070018,timber round moulding,Material,Wood & Timber,pcs,28.71,28.71,28.71,28.71,1,KES,31.01,1.08,4,4,建筑工程,other decoration works,decorative moulding,timber decorative moulding
070019,timber patterned inlay moulding 250mm within,Material,Wood & Timber,pcs,153.8,153.8,153.8,153.8,1,KES,166.1,1.08,4,4,建筑工程,other decoration works,decorative moulding,timber decorative moulding
070020,timber patterned inlay moulding 250mm beyond,Material,Wood & Timber,pcs,410.13,410.13,410.13,410.13,1,KES,442.95,1.08,4,4,建筑工程,other decoration works,decorative moulding,timber decorative moulding
070076,granite decorative moulding 150mm within,Material,General,m,474.22,474.22,474.22,474.22,1,KES,512.16,1.08,4,4,建筑工程,other decoration works,decorative moulding,stone slab decorative moulding
070077,granite decorative moulding 150mm beyond,Material,General,m,570.34,570.34,570.34,570.34,1,KES,615.97,1.08,4,4,建筑工程,other decoration works,decorative moulding,stone slab decorative moulding
380045,steel frame,Material,Steel & Metal,t,82026.93,82026.93,82026.93,82026.93,1,KES,82026.93,1.0,4,4,建筑工程,metal-structure works,steel frame,
380046,flat surface steel pipe frame,Material,Steel & Metal,t,102533.66,102533.66,102533.66,102533.66,1,KES,102533.66,1.0,4,4,建筑工程,metal-structure works,steel frame,
380047,vertical surface steel pipe frame,Material,Steel & Metal,t,105737.84,105737.84,105737.84,105737.84,1,KES,105737.84,1.0,4,4,建筑工程,metal-structure works,steel frame,
380048,frame,Material,General,t,87794.45,87794.45,87794.45,87794.45,1,KES,87794.45,1.0,4,4,建筑工程,metal-structure works,steel frame,
380049,steel frame,Material,Steel & Metal,t,87794.45,87794.45,87794.45,87794.45,1,KES,87794.45,1.0,4,4,建筑工程,metal-structure works,steel frame,
380075,steel plate floor slab 6mm,Material,Steel & Metal,m2,3806.56,3806.56,3806.56,3806.56,1,KES,4250.66,1.1167,4,4,建筑工程,metal-structure works,"steel plate floor slab, wall slab",
070111,finished product GRC decorative column 400,Material,General,pcs,3488.71,3488.71,3488.71,3488.71,1,KES,3488.71,1.0,4,4,建筑工程,"wall and column finishes, partitions and curtain walls",column (beam) facing,finished product decorative column
070112,finished product GRC decorative column 600,Material,General,pcs,3837.32,3837.32,3837.32,3837.32,1,KES,3837.32,1.0,4,4,建筑工程,"wall and column finishes, partitions and curtain walls",column (beam) facing,finished product decorative column
030027,timber keel,Material,Wood & Timber,m3,23070.07,23070.07,23070.07,23070.07,1,KES,101.51,0.0044,4,4,建筑工程,ceiling works,ceiling decorative,
100256,height poly 0.8mm thickness,Material,General,m2,346.05,346.05,346.05,346.05,1,KES,382.39,1.105,4,4,建筑工程,roofing and waterproofing works,Roof waterproofing and sundries,roof waterproofing
010132,galvanized,Material,General,m2,269.15,269.15,269.15,269.15,1,KES,339.4,1.261,4,4,建筑工程,roofing and waterproofing works,,profile and other items roof
120118,slab,Material,General,m2,2563.34,2563.34,2563.34,2563.34,1,KES,2601.79,1.015,4,4,建筑工程,roofing and waterproofing works,,profile and other items roof
090485,stainless steel,Material,Steel & Metal,pcs,8.2,8.2,8.2,8.2,1,KES,26.25,3.2,4,4,建筑工程,other decoration works,decorative moulding,stone slab decorative moulding
090279,impact drill,Material,General,pcs,118.17,118.17,118.17,118.17,1,KES,9.45,0.08,4,4,建筑工程,other decoration works,decorative moulding,stone slab decorative moulding
070023,gypsum moulding (moulding) 100mm within,Material,General,m,47.42,47.42,47.42,47.42,1,KES,48.84,1.03,4,4,建筑工程,other decoration works,decorative moulding,gypsum decorative moulding
070024,gypsum moulding (moulding) 100mm beyond,Material,General,m,78.18,78.18,78.18,78.18,1,KES,80.53,1.03,4,4,建筑工程,other decoration works,decorative moulding,gypsum decorative moulding
070025,gypsum moulding 100mm within,Material,General,m,58.96,58.96,58.96,58.96,1,KES,60.73,1.03,4,4,建筑工程,other decoration works,decorative moulding,gypsum decorative moulding
070026,gypsum moulding 100mm beyond,Material,General,m,92.28,92.28,92.28,92.28,1,KES,95.05,1.03,4,4,建筑工程,other decoration works,decorative moulding,gypsum decorative moulding
130055,composite poly 5,Material,General,m2,171.74,171.74,171.74,171.74,1,KES,180.33,1.05,4,4,建筑工程,roofing and waterproofing works,waterproofing protective layer,
070102,finished product marble column height 500mm within,Material,General,pcs,3249.04,3249.04,3249.04,3249.04,1,KES,3249.04,1.0,4,4,建筑工程,"wall and column finishes, partitions and curtain walls",column (beam) facing,finished product decorative column
070107,finished product timber column height 250mm within,Material,Wood & Timber,pcs,7181.2,7181.2,7181.2,7181.2,1,KES,7181.2,1.0,4,4,建筑工程,"wall and column finishes, partitions and curtain walls",column (beam) facing,finished product decorative column
070108,finished product timber column height 250mm beyond,Material,Wood & Timber,pcs,12634.71,12634.71,12634.71,12634.71,1,KES,12634.71,1.0,4,4,建筑工程,"wall and column finishes, partitions and curtain walls",column (beam) facing,finished product decorative column
090003,single vertical 25 within,Material,General,pcs,10.77,10.77,10.77,10.77,1,KES,8.88,0.825,4,4,建筑工程,"General installation works - Vol.10 Water supply, drainage, heating, gas",,
100034,adhesive slab 1 3,Material,General,kg,116.63,116.63,116.63,116.63,1,KES,3.79,0.0325,4,4,建筑工程,"General installation works - Vol.10 Water supply, drainage, heating, gas",,
300035,galvanized angle steel,Material,Steel & Metal,pair,144.83,144.83,144.83,144.83,1,KES,2486.71,17.17,4,4,建筑工程,General installation works - Vol.11 Communication equipment and lines,,
300110,moulding 3×65×57/2.5×65×49,Material,General,pcs,37.68,37.68,37.68,37.68,1,KES,247.38,6.565,4,4,建筑工程,General installation works - Vol.11 Communication equipment and lines,,
800404,slurry mixer 0.6m3,Equipment,General,machine-shift,808.73,808.73,808.73,808.73,1,KES,13.75,0.017,4,4,建筑工程,ground treatment and slope support,,
070147,aluminium moulding 20mm within,Material,General,m,39.73,39.73,39.73,39.73,1,KES,40.92,1.03,4,4,建筑工程,other decoration works,decorative moulding,aluminium decorative moulding
070136,aluminium moulding 20mm beyond,Material,General,m,51.27,51.27,51.27,51.27,1,KES,52.8,1.03,4,4,建筑工程,other decoration works,decorative moulding,aluminium decorative moulding
070145,aluminium moulding 60mm within,Material,General,m,106.38,106.38,106.38,106.38,1,KES,109.57,1.03,4,4,建筑工程,other decoration works,decorative moulding,aluminium decorative moulding
070146,aluminium moulding 60mm beyond,Material,General,m,128.17,128.17,128.17,128.17,1,KES,132.01,1.03,4,4,建筑工程,other decoration works,decorative moulding,aluminium decorative moulding
070037,PVC surface moulding 60mm within,Material,General,m,153.8,153.8,153.8,153.8,1,KES,158.41,1.03,4,4,建筑工程,other decoration works,decorative moulding,decorative moulding
070038,PVC surface moulding 60mm beyond,Material,General,m,230.7,230.7,230.7,230.7,1,KES,237.62,1.03,4,4,建筑工程,other decoration works,decorative moulding,decorative moulding
280267,galvanized steel pipe splice 125,Material,Steel & Metal,pcs,199.94,199.94,199.94,199.94,1,KES,16.47,0.0824,4,4,建筑工程,General installation works - Vol.4 Electrical equipment installation,,galvanized steel pipe
280268,galvanized steel pipe splice 150,Material,Steel & Metal,pcs,238.39,238.39,238.39,238.39,1,KES,19.64,0.0824,4,4,建筑工程,General installation works - Vol.4 Electrical equipment installation,,galvanized steel pipe
280404,JDG(KBG) splice 15,Material,General,pcs,17.94,17.94,17.94,17.94,1,KES,2.96,0.1648,4,4,建筑工程,General installation works - Vol.4 Electrical equipment installation,,() steel pipe
280405,JDG(KBG) splice 20,Material,General,pcs,21.79,21.79,21.79,21.79,1,KES,3.59,0.1648,4,4,建筑工程,General installation works - Vol.4 Electrical equipment installation,,() steel pipe
280406,JDG(KBG) splice 25,Material,General,pcs,28.2,28.2,28.2,28.2,1,KES,4.65,0.1648,4,4,建筑工程,General installation works - Vol.4 Electrical equipment installation,,() steel pipe
280407,JDG(KBG) splice 32,Material,General,pcs,41.01,41.01,41.01,41.01,1,KES,6.76,0.1648,4,4,建筑工程,General installation works - Vol.4 Electrical equipment installation,,() steel pipe
090101,with bolt 12×(20 35),Material,Fasteners,set,6.15,6.15,6.15,6.15,1,KES,25.35,4.12,4,4,建筑工程,"General installation works - Vol.10 Water supply, drainage, heating, gas",installation,
100318,adhesive floor membrane,Material,Waterproofing,m2,3076.01,3076.01,3076.01,3076.01,1,KES,3137.53,1.02,4,4,建筑工程,floor finishing works,finish layer,
120008,poly ground slab,Material,General,m2,216.6,216.6,216.6,216.6,1,KES,220.93,1.02,4,4,建筑工程,floor finishing works,finish layer,
070090,GRC eaves moulding slab 550×550 within,Material,General,m,2483.88,2483.88,2483.88,2483.88,1,KES,2533.56,1.02,4,4,建筑工程,other decoration works,decorative moulding,GRC decorative moulding
070091,GRC eaves moulding slab 550×550 beyond,Material,General,m,3419.5,3419.5,3419.5,3419.5,1,KES,3487.89,1.02,4,4,建筑工程,other decoration works,decorative moulding,GRC decorative moulding
070092,GRC moulding slab 400×400 within,Material,General,m,1722.57,1722.57,1722.57,1722.57,1,KES,1757.02,1.02,4,4,建筑工程,other decoration works,decorative moulding,GRC decorative moulding
070093,GRC moulding slab 400×400 beyond,Material,General,m,2667.16,2667.16,2667.16,2667.16,1,KES,2720.5,1.02,4,4,建筑工程,other decoration works,decorative moulding,GRC decorative moulding
110226,adhesive,Material,General,kg,19.23,19.23,19.23,19.23,1,KES,5.29,0.275,4,4,建筑工程,other decoration works,decorative moulding,GRC decorative moulding
070094,GRC 1200×400 within,Material,General,pcs,615.2,615.2,615.2,615.2,1,KES,627.51,1.02,4,4,建筑工程,other decoration works,decorative moulding,GRC decorative moulding
370171,steel flat window,Material,Steel & Metal,m2,1153.5,1153.5,1153.5,1153.5,1,KES,1153.5,1.0,4,4,建筑工程,door and window works,metal window,
370172,steel window,Material,Steel & Metal,m2,1025.34,1025.34,1025.34,1025.34,1,KES,1025.34,1.0,4,4,建筑工程,door and window works,metal window,
850068,10Gb/s,Equipment,General,machine-shift,26130.7,26130.7,26130.7,26130.7,1,KES,13065.35,0.5,4,4,建筑工程,General installation works - Vol.11 Communication equipment and lines,,
850084,155Mb/s,Equipment,General,machine-shift,7172.36,7172.36,7172.36,7172.36,1,KES,3586.18,0.5,4,4,建筑工程,General installation works - Vol.11 Communication equipment and lines,"mesh type, mesh",
850237,"10Hz 12.4GHz, 20dB",Equipment,General,machine-shift,2114.76,2114.76,2114.76,2114.76,1,KES,1083.81,0.5125,4,4,建筑工程,General installation works - Vol.11 Communication equipment and lines,,
090890,galvanized nail with M8×50,Material,Fasteners,set,8.2,8.2,8.2,8.2,1,KES,144.98,17.675,4,4,建筑工程,General installation works - Vol.11 Communication equipment and lines,,
090235,galvanized steel wire 12,Material,Steel & Metal,kg,70.88,70.88,70.88,70.88,1,KES,0.07,0.001,4,4,建筑工程,floor finishing works,,
810103,steel mortar,Material,Concrete & Cement,m3,24035.3,24035.3,24035.3,24035.3,1,KES,764.32,0.0318,4,4,建筑工程,floor finishing works,,
810104,1: 2.5 cement mortar,Material,Concrete & Cement,m3,7616.46,7616.46,7616.46,7616.46,1,KES,96.35,0.0126,4,4,建筑工程,floor finishing works,,
110456,no polyurethane flat,Material,General,kg,512.67,512.67,512.67,512.67,1,KES,185.33,0.3615,4,4,建筑工程,floor finishing works,,
110457,no flat,Material,General,kg,422.95,422.95,422.95,422.95,1,KES,152.9,0.3615,4,4,建筑工程,floor finishing works,,
380076,steel plate floor slab 1mm,Material,Steel & Metal,m2,634.43,634.43,634.43,634.43,1,KES,634.43,1.0,4,4,建筑工程,metal-structure works,"steel plate floor slab, wall slab",
800035,DC welder composite,Equipment,Welding Equip.,machine-shift,244.8,244.8,244.8,244.8,1,KES,15.18,0.062,4,4,建筑工程,metal-structure works,"steel plate floor slab, wall slab",
800053,cutter 100,Equipment,General,machine-shift,149.96,149.96,149.96,149.96,1,KES,2.1,0.014,4,4,建筑工程,metal-structure works,"steel plate floor slab, wall slab",
280250,welding steel pipe splice 125,Material,Steel & Metal,pcs,174.31,174.31,174.31,174.31,1,KES,17.5,0.1004,4,4,建筑工程,General installation works - Vol.4 Electrical equipment installation,,welding steel pipe
280251,welding steel pipe splice 150,Material,Steel & Metal,pcs,208.91,208.91,208.91,208.91,1,KES,20.98,0.1004,4,4,建筑工程,General installation works - Vol.4 Electrical equipment installation,,welding steel pipe
070039,PVC surface moulding 20mm within,Material,General,m,44.86,44.86,44.86,44.86,1,KES,46.2,1.03,4,4,建筑工程,other decoration works,decorative moulding,decorative moulding
070040,PVC surface moulding 20mm beyond,Material,General,m,76.9,76.9,76.9,76.9,1,KES,79.21,1.03,4,4,建筑工程,other decoration works,decorative moulding,decorative moulding
070068,decorative strip 30mm within,Material,General,m,15.38,15.38,15.38,15.38,1,KES,15.84,1.03,4,4,建筑工程,other decoration works,decorative moulding,decorative moulding
070069,decorative strip 30mm beyond,Material,General,m,44.86,44.86,44.86,44.86,1,KES,46.2,1.03,4,4,建筑工程,other decoration works,decorative moulding,decorative moulding
070070,moulding 30mm within,Material,General,m,25.63,25.63,25.63,25.63,1,KES,26.4,1.03,4,4,建筑工程,other decoration works,decorative moulding,decorative moulding
070071,ceramic tile moulding 30mm within,Material,General,m,10.25,10.25,10.25,10.25,1,KES,10.56,1.03,4,4,建筑工程,other decoration works,decorative moulding,decorative moulding
080284,surface curtain wall keel and,Material,General,m2,19225.06,19225.06,19225.06,19225.06,1,KES,28837.59,1.5,4,4,建筑工程,"wall and column finishes, partitions and curtain walls",curtain wall works,glass curtain wall
280247,welding steel pipe splice 70,Material,Steel & Metal,pcs,58.44,58.44,58.44,58.44,1,KES,9.03,0.1545,4,4,建筑工程,General installation works - Vol.4 Electrical equipment installation,,welding steel pipe
110140,401 adhesive,Material,General,kg,134.58,134.58,134.58,134.58,1,KES,43.8,0.3255,4,4,建筑工程,ceiling works,ceiling suspended ceiling,ceiling finish layer
070095,GRC 1200×400 beyond,Material,General,pcs,922.8,922.8,922.8,922.8,1,KES,941.26,1.02,4,4,建筑工程,other decoration works,decorative moulding,GRC decorative moulding
070096,GRC-shaped door and window decoration 1500×540 inside,Material,Glass,pcs,3035.0,3035.0,3035.0,3035.0,1,KES,3095.7,1.02,4,4,建筑工程,other decoration works,decorative moulding,GRC decorative moulding
070097,GRC-shaped door and window decoration 1500×540 beyond,Material,Glass,pcs,3642.51,3642.51,3642.51,3642.51,1,KES,3715.36,1.02,4,4,建筑工程,other decoration works,decorative moulding,GRC decorative moulding
090395,railing (with),Material,General,m2,3332.34,3332.34,3332.34,3332.34,1,KES,3126.24,0.9382,4,4,建筑工程,other decoration works,"handrail, railing, decorative railing panel","metal handrail, railing, railing slab"
080234,decorative gypsum board 600×600×12,Material,Wood & Timber,m2,365.28,365.28,365.28,365.28,1,KES,372.58,1.02,4,4,建筑工程,ceiling works,ceiling suspended ceiling,ceiling finish layer
370173,steel fixing window,Material,Steel & Metal,m2,1025.34,1025.34,1025.34,1025.34,1,KES,1025.34,1.0,4,4,建筑工程,door and window works,metal window,
370177,aluminium alloy -shaped window,Material,Glass,m2,1153.5,1153.5,1153.5,1153.5,1,KES,1153.5,1.0,4,4,建筑工程,door and window works,metal window,
150056,double-sided adhesive,Material,General,m2,16.02,16.02,16.02,16.02,1,KES,3.56,0.2224,4,4,建筑工程,ceiling works,ceiling suspended ceiling,ceiling finish layer
090079,lock nut 70,Material,Fasteners,pcs,13.07,13.07,13.07,13.07,1,KES,1.85,0.1416,4,4,建筑工程,General installation works - Vol.4 Electrical equipment installation,,welding steel pipe
280248,welding steel pipe splice 80,Material,Steel & Metal,pcs,80.75,80.75,80.75,80.75,1,KES,12.47,0.1545,4,4,建筑工程,General installation works - Vol.4 Electrical equipment installation,,welding steel pipe
280249,welding steel pipe splice 100,Material,Steel & Metal,pcs,128.17,128.17,128.17,128.17,1,KES,19.8,0.1545,4,4,建筑工程,General installation works - Vol.4 Electrical equipment installation,,welding steel pipe
010116,galvanized electrical conduit 20,Material,General,m,86.13,86.13,86.13,86.13,1,KES,88.71,1.03,4,4,建筑工程,General installation works - Vol.4 Electrical equipment installation,,
280253,galvanized electrical conduit splice 20,Material,General,pcs,8.84,8.84,8.84,8.84,1,KES,1.46,0.1648,4,4,建筑工程,General installation works - Vol.4 Electrical equipment installation,,
010117,galvanized electrical moulding 25,Material,General,m,116.63,116.63,116.63,116.63,1,KES,120.13,1.03,4,4,建筑工程,General installation works - Vol.4 Electrical equipment installation,,
280254,galvanized electrical molding splice 25,Material,General,pcs,19.35,19.35,19.35,19.35,1,KES,3.19,0.1648,4,4,建筑工程,General installation works - Vol.4 Electrical equipment installation,,
010118,galvanized electrical moulding 32,Material,General,m,148.67,148.67,148.67,148.67,1,KES,153.13,1.03,4,4,建筑工程,General installation works - Vol.4 Electrical equipment installation,,
080238,length aluminium alloy strip slab,Material,General,m2,693.38,693.38,693.38,693.38,1,KES,673.41,0.9712,4,4,建筑工程,ceiling works,ceiling suspended ceiling,ceiling finish layer
091446,strip,Material,General,kg,153.8,153.8,153.8,153.8,1,KES,19.63,0.1276,4,4,建筑工程,other decoration works,"handrail, railing, decorative railing panel","metal handrail, railing, railing slab"
120064,handrail,Material,General,m,201.22,201.22,201.22,201.22,1,KES,224.36,1.115,4,4,建筑工程,other decoration works,"handrail, railing, decorative railing panel",handrail
080242,aluminium alloy strip slab slab,Material,General,m,76.9,76.9,76.9,76.9,1,KES,659.8,8.58,4,4,建筑工程,ceiling works,ceiling suspended ceiling,ceiling finish layer
080243,aluminium alloy strip slab length,Material,General,pcs,12.82,12.82,12.82,12.82,1,KES,43.45,3.39,4,4,建筑工程,ceiling works,ceiling suspended ceiling,ceiling finish layer
090304,stainless steel nail,Material,Steel & Metal,kg,169.18,169.18,169.18,169.18,1,KES,1.15,0.0068,4,4,建筑工程,ceiling works,ceiling suspended ceiling,ceiling finish layer
180142,flat (1.6MPa) 50,Material,General,pcs,279.4,279.4,279.4,279.4,1,KES,419.11,1.5,4,4,建筑工程,"General installation works - Vol.10 Water supply, drainage, heating, gas",water,water ()
180143,flat (1.6MPa) 70,Material,General,pcs,369.12,369.12,369.12,369.12,1,KES,645.96,1.75,4,4,建筑工程,"General installation works - Vol.10 Water supply, drainage, heating, gas",water,water ()
180144,flat (1.6MPa) 80,Material,General,pcs,396.04,396.04,396.04,396.04,1,KES,594.05,1.5,4,4,建筑工程,"General installation works - Vol.10 Water supply, drainage, heating, gas",water,water ()
180145,flat (1.6MPa) 100,Material,General,pcs,513.95,513.95,513.95,513.95,1,KES,770.92,1.5,4,4,建筑工程,"General installation works - Vol.10 Water supply, drainage, heating, gas",water,water ()
180147,flat (1.6MPa) 150,Material,General,pcs,881.79,881.79,881.79,881.79,1,KES,1322.68,1.5,4,4,建筑工程,"General installation works - Vol.10 Water supply, drainage, heating, gas",water,water ()
800291,loader (composite),Equipment,General,machine-shift,6944.09,6944.09,6944.09,6944.09,1,KES,493.03,0.071,4,4,建筑工程,Piling works,bored pile,
010115,galvanized electrical moulding 15,Material,General,m,65.11,65.11,65.11,65.11,1,KES,67.06,1.03,4,4,建筑工程,General installation works - Vol.4 Electrical equipment installation,,
280252,galvanized electrical moulding splice 15,Material,General,pcs,8.46,8.46,8.46,8.46,1,KES,1.39,0.1648,4,4,建筑工程,General installation works - Vol.4 Electrical equipment installation,,
220003,splice 15,Material,General,pcs,54.34,54.34,54.34,54.34,1,KES,54.89,1.01,4,4,建筑工程,"General installation works - Vol.10 Water supply, drainage, heating, gas",,
100291,metal stone 80,Material,Steel & Metal,pcs,663.91,663.91,663.91,663.91,1,KES,1367.65,2.06,4,4,建筑工程,"General installation works - Vol.10 Water supply, drainage, heating, gas",,installation
080214,aluminium alloy strip slab suspended ceiling wall slab MK1,Material,General,m,65.37,65.37,65.37,65.37,1,KES,36.32,0.5556,4,4,建筑工程,ceiling works,ceiling suspended ceiling,ceiling finish layer
080215,length strip slab suspended ceiling wall slab KB1,Material,General,m,54.73,54.73,54.73,54.73,1,KES,27.91,0.51,4,4,建筑工程,ceiling works,ceiling suspended ceiling,ceiling finish layer
300029,galvanized angle steel 63×63×6×2100,Material,Steel & Metal,pcs,892.04,892.04,892.04,892.04,1,KES,1789.44,2.006,4,4,建筑工程,General installation works - Vol.4 Electrical equipment installation,,installation
300036,galvanized angle steel vertical 63×63×6×650,Material,Steel & Metal,pcs,231.98,231.98,231.98,231.98,1,KES,407.19,1.7552,4,4,建筑工程,General installation works - Vol.4 Electrical equipment installation,,installation
080286,surface curtain wall keel and,Material,General,m2,32041.77,32041.77,32041.77,32041.77,1,KES,67287.72,2.1,4,4,建筑工程,"wall and column finishes, partitions and curtain walls",curtain wall works,glass curtain wall
080287,flat surface curtain wall keel and,Material,General,m2,12816.71,12816.71,12816.71,12816.71,1,KES,20186.32,1.575,4,4,建筑工程,"wall and column finishes, partitions and curtain walls",curtain wall works,glass curtain wall
800030,vertical 25,Equipment,General,machine-shift,1241.94,1241.94,1241.94,1241.94,1,KES,29.5,0.0238,4,4,建筑工程,"wall and column finishes, partitions and curtain walls",curtain wall works,glass curtain wall
800568,double cutter,Equipment,General,machine-shift,197.38,197.38,197.38,197.38,1,KES,11.35,0.0575,4,4,建筑工程,"wall and column finishes, partitions and curtain walls",curtain wall works,glass curtain wall
800613,aluminium profile additional,Equipment,General,machine-shift,23070.07,23070.07,23070.07,23070.07,1,KES,3806.56,0.165,4,4,建筑工程,"wall and column finishes, partitions and curtain walls",curtain wall works,glass curtain wall
090912,expansion bolt M12,Material,Fasteners,set,30.5,30.5,30.5,30.5,1,KES,69.75,2.2867,4,4,建筑工程,"wall and column finishes, partitions and curtain walls",partition,metal partition
100092,SBS bitumen waterproof coating,Material,Waterproofing,kg,83.31,83.31,83.31,83.31,1,KES,187.5,2.2507,4,4,建筑工程,roofing and waterproofing works,"basement and floor waterproofing, moisture-proofing",floor coating waterproofing
100278,waterproof coating,Material,Waterproofing,kg,358.87,358.87,358.87,358.87,1,KES,576.5,1.6064,4,4,建筑工程,roofing and waterproofing works,"basement and floor waterproofing, moisture-proofing",floor coating waterproofing
110177,substrate preparation,Material,General,kg,53.19,53.19,53.19,53.19,1,KES,9.67,0.1818,4,4,建筑工程,roofing and waterproofing works,"basement and floor waterproofing, moisture-proofing",floor coating waterproofing
100119,height adhesive water,Material,Water,m,171.74,171.74,171.74,171.74,1,KES,4.71,0.0274,4,4,建筑工程,ground treatment and slope support,foundation pit,"spraying concrete, cement mortar"
810084,C20 stone concrete,Material,Concrete & Cement,m3,3370.03,3370.03,3370.03,3370.03,1,KES,231.69,0.0687,4,4,建筑工程,ground treatment and slope support,foundation pit,"spraying concrete, cement mortar"
090242,steel wire mesh,Material,Steel & Metal,m2,230.7,230.7,230.7,230.7,1,KES,242.24,1.05,4,4,建筑工程,ground treatment and slope support,foundation pit,"spraying concrete, cement mortar"
390116,pile 300,Material,General,m,1089.42,1089.42,1089.42,1089.42,1,KES,1111.21,1.02,4,4,建筑工程,Piling works,,
390117,pile 400,Material,General,m,1602.09,1602.09,1602.09,1602.09,1,KES,1634.13,1.02,4,4,建筑工程,Piling works,,
390118,pile 500,Material,General,m,2435.17,2435.17,2435.17,2435.17,1,KES,2483.88,1.02,4,4,建筑工程,Piling works,,
090379,stainless steel frame,Material,Steel & Metal,set,1811.0,1811.0,1811.0,1811.0,1,KES,1811.0,1.0,4,4,建筑工程,other decoration works,,(frame)
080249,T-shaped paint with keel TBA24×28,Material,Paint & Coatings,m,45.37,45.37,45.37,45.37,1,KES,147.23,3.245,4,4,建筑工程,ceiling works,ceiling suspended ceiling,ceiling keel
080059,T-shaped light-gauge steel keel TB24×32,Material,Steel & Metal,m,70.11,70.11,70.11,70.11,1,KES,51.68,0.7371,4,4,建筑工程,ceiling works,ceiling suspended ceiling,ceiling keel
080060,T-shaped light-gauge steel keel TB24×26,Material,Steel & Metal,m,64.08,64.08,64.08,64.08,1,KES,177.13,2.7641,4,4,建筑工程,ceiling works,ceiling suspended ceiling,ceiling keel
080075,keel TL22×22,Material,General,m,56.39,56.39,56.39,56.39,1,KES,40.71,0.7219,4,4,建筑工程,ceiling works,ceiling suspended ceiling,ceiling keel
080100,T-shaped light-gauge steel keel TB38-2,Material,Steel & Metal,pcs,7.31,7.31,7.31,7.31,1,KES,26.65,3.6473,4,4,建筑工程,ceiling works,ceiling suspended ceiling,ceiling keel
080104,T-shaped light-gauge steel keel TB14-2,Material,Steel & Metal,pcs,3.33,3.33,3.33,3.33,1,KES,11.62,3.4884,4,4,建筑工程,ceiling works,ceiling suspended ceiling,ceiling keel
390119,pile 550,Material,General,m,2691.51,2691.51,2691.51,2691.51,1,KES,2745.34,1.02,4,4,建筑工程,Piling works,,
800520,300T pile,Equipment,General,machine-shift,27525.16,27525.16,27525.16,27525.16,1,KES,154.14,0.0056,4,4,建筑工程,Piling works,,
800521,500T pile,Equipment,General,machine-shift,34511.55,34511.55,34511.55,34511.55,1,KES,217.42,0.0063,4,4,建筑工程,Piling works,,
090800,55%,Material,General,kg,1153.5,1153.5,1153.5,1153.5,1,KES,354.7,0.3075,4,4,建筑工程,General installation works - Vol.11 Communication equipment and lines,moulding,
020021,electricity pile,Material,General,pcs,280.69,280.69,280.69,280.69,1,KES,101.07,0.3601,4,4,建筑工程,General installation works - Vol.4 Electrical equipment installation,"electricity laying, slab (brick) and slab",ground stone
110102,bitumen varnish,Material,Paint & Coatings,kg,146.11,146.11,146.11,146.11,1,KES,2.19,0.015,4,4,建筑工程,General installation works - Vol.4 Electrical equipment installation,,
090971,stainless steel 133,Material,Steel & Metal,m,1730.26,1730.26,1730.26,1730.26,1,KES,8651.28,5.0,4,4,建筑工程,other decoration works,,metal
090972,stainless steel 108,Material,Steel & Metal,m,1217.59,1217.59,1217.59,1217.59,1,KES,5479.14,4.5,4,4,建筑工程,other decoration works,,metal
090970,stainless steel 76,Material,Steel & Metal,m,833.09,833.09,833.09,833.09,1,KES,3332.34,4.0,4,4,建筑工程,other decoration works,,metal
090617,height bolt,Material,Fasteners,pcs,229.42,229.42,229.42,229.42,1,KES,917.68,4.0,4,4,建筑工程,other decoration works,,metal
120130,0.2m2 within,Material,General,pcs,358.87,358.87,358.87,358.87,1,KES,362.46,1.01,4,4,建筑工程,other decoration works,,
120133,0.5m2 within,Material,General,pcs,1076.6,1076.6,1076.6,1076.6,1,KES,1087.37,1.01,4,4,建筑工程,other decoration works,,
120135,1.0m2 within,Material,General,pcs,2396.72,2396.72,2396.72,2396.72,1,KES,2420.69,1.01,4,4,建筑工程,other decoration works,,
120171,1.0m2 beyond,Material,General,pcs,2806.86,2806.86,2806.86,2806.86,1,KES,2834.93,1.01,4,4,建筑工程,other decoration works,,
100285,202 adhesive FSC-2,Material,General,kg,512.67,512.67,512.67,512.67,1,KES,48.74,0.0951,4,4,建筑工程,other decoration works,,
090387,frame,Material,General,set,525.49,525.49,525.49,525.49,1,KES,525.49,1.0,4,4,建筑工程,other decoration works,,(frame)
090384,stainless steel frame,Material,Steel & Metal,set,807.45,807.45,807.45,807.45,1,KES,807.45,1.0,4,4,建筑工程,other decoration works,,(frame)
090389,frame,Material,General,set,1832.79,1832.79,1832.79,1832.79,1,KES,1832.79,1.0,4,4,建筑工程,other decoration works,,(frame)
090444,galvanized fixing,Material,General,pcs,12.82,12.82,12.82,12.82,1,KES,104.07,8.12,4,4,建筑工程,metal-structure works,metal,
090844,welding rod,Material,Welding Consumables,kg,99.71,99.71,99.71,99.71,1,KES,19.41,0.1947,4,4,建筑工程,metal-structure works,metal,
090930,railing,Material,General,m2,2166.02,2166.02,2166.02,2166.02,1,KES,2166.02,1.0,4,4,建筑工程,metal-structure works,metal,
090931,finished product railing,Material,General,m2,2383.91,2383.91,2383.91,2383.91,1,KES,2383.91,1.0,4,4,建筑工程,metal-structure works,metal,
090932,metal mesh railing,Material,Steel & Metal,m2,1217.59,1217.59,1217.59,1217.59,1,KES,1217.59,1.0,4,4,建筑工程,metal-structure works,metal,
020002,cement 52.5,Material,Concrete & Cement,kg,5.9,5.9,5.9,5.9,1,KES,223.7,37.9435,4,4,建筑工程,General installation works - Vol.4 Electrical equipment installation,"moulding and fabrication, installation",water pile
150063,with glass 1m2 beyond,Equipment,General,pcs,6031.54,6031.54,6031.54,6031.54,1,KES,6091.86,1.01,4,4,建筑工程,other decoration works,,with glass
030134,timber 0.2m2 within,Material,Wood & Timber,pcs,307.6,307.6,307.6,307.6,1,KES,310.68,1.01,4,4,建筑工程,other decoration works,,timber
150076,timber 0.5m2 within,Material,Wood & Timber,pcs,383.22,383.22,383.22,383.22,1,KES,387.05,1.01,4,4,建筑工程,other decoration works,,timber
150075,timber 1m2 within,Material,Wood & Timber,pcs,1532.88,1532.88,1532.88,1532.88,1,KES,1548.21,1.01,4,4,建筑工程,other decoration works,,timber
150074,timber 1m2 beyond,Material,Wood & Timber,pcs,3465.64,3465.64,3465.64,3465.64,1,KES,3500.29,1.01,4,4,建筑工程,other decoration works,,timber
150186,metal 0.2m2 within,Material,Steel & Metal,pcs,294.78,294.78,294.78,294.78,1,KES,297.73,1.01,4,4,建筑工程,other decoration works,,metal
150070,metal 0.5m2 within,Material,Steel & Metal,pcs,639.55,639.55,639.55,639.55,1,KES,645.95,1.01,4,4,建筑工程,other decoration works,,metal
150069,metal 1m2 within,Material,Steel & Metal,pcs,3948.83,3948.83,3948.83,3948.83,1,KES,3988.32,1.01,4,4,建筑工程,other decoration works,,metal
150068,metal 1m2 beyond,Material,Steel & Metal,pcs,5914.91,5914.91,5914.91,5914.91,1,KES,5974.06,1.01,4,4,建筑工程,other decoration works,,metal
120137,0.2m2 within,Material,General,pcs,3076.01,3076.01,3076.01,3076.01,1,KES,3106.77,1.01,4,4,建筑工程,other decoration works,,
120131,0.5m2 within,Material,General,pcs,4870.35,4870.35,4870.35,4870.35,1,KES,4919.05,1.01,4,4,建筑工程,other decoration works,,
120132,1.0m2 within,Material,General,pcs,7946.36,7946.36,7946.36,7946.36,1,KES,8025.82,1.01,4,4,建筑工程,other decoration works,,
120134,1.0m2 beyond,Material,General,pcs,10894.2,10894.2,10894.2,10894.2,1,KES,11003.14,1.01,4,4,建筑工程,other decoration works,,
120136,with glass 0.2m2 within,Equipment,General,pcs,410.13,410.13,410.13,410.13,1,KES,414.24,1.01,4,4,建筑工程,other decoration works,,with glass
150065,with glass 0.5m2 within,Equipment,General,pcs,671.6,671.6,671.6,671.6,1,KES,678.31,1.01,4,4,建筑工程,other decoration works,,with glass
150064,with glass 1m2 within,Equipment,General,pcs,2682.54,2682.54,2682.54,2682.54,1,KES,2709.36,1.01,4,4,建筑工程,other decoration works,,with glass
150184,adhesive strip,Material,General,m,12.82,12.82,12.82,12.82,1,KES,80.34,6.2684,4,4,建筑工程,"wall and column finishes, partitions and curtain walls",partition,metal partition
050026,glass 19mm,Material,Glass,m2,10894.2,10894.2,10894.2,10894.2,1,KES,10610.95,0.974,4,4,建筑工程,"wall and column finishes, partitions and curtain walls",partition,glass partition
080253,stainless steel partition,Material,Steel & Metal,m2,5383.02,5383.02,5383.02,5383.02,1,KES,5383.02,1.0,4,4,建筑工程,"wall and column finishes, partitions and curtain walls",partition,glass partition
080254,aluminium alloy glass partition,Material,Glass,m2,3076.01,3076.01,3076.01,3076.01,1,KES,3076.01,1.0,4,4,建筑工程,"wall and column finishes, partitions and curtain walls",partition,glass partition
080255,aluminium alloy glass partition,Material,Glass,m2,2819.68,2819.68,2819.68,2819.68,1,KES,2819.68,1.0,4,4,建筑工程,"wall and column finishes, partitions and curtain walls",partition,glass partition
090934,stainless steel with bolt M4×12,Material,Steel & Metal,set,15.38,15.38,15.38,15.38,1,KES,119.57,7.7745,4,4,建筑工程,"wall and column finishes, partitions and curtain walls",partition,glass partition
050047,glass brick 145×145×80,Material,Glass,pcs,140.98,140.98,140.98,140.98,1,KES,6739.03,47.8,4,4,建筑工程,"wall and column finishes, partitions and curtain walls",partition,glass partition
850095,type TSB,Equipment,General,machine-shift,401.16,401.16,401.16,401.16,1,KES,651.89,1.625,4,4,建筑工程,General installation works - Vol.4 Electrical equipment installation,height electricity,height electricity
850092,height GYB-,Equipment,General,machine-shift,124.07,124.07,124.07,124.07,1,KES,201.61,1.625,4,4,建筑工程,General installation works - Vol.4 Electrical equipment installation,height electricity,height electricity
280183,metal 50,Material,Steel & Metal,m,784.38,784.38,784.38,784.38,1,KES,746.73,0.952,4,4,建筑工程,General installation works - Vol.4 Electrical equipment installation,,
280185,metal 76,Material,Steel & Metal,m,1252.19,1252.19,1252.19,1252.19,1,KES,1192.09,0.952,4,4,建筑工程,General installation works - Vol.4 Electrical equipment installation,,
280187,metal 101,Material,Steel & Metal,m,2289.06,2289.06,2289.06,2289.06,1,KES,2179.19,0.952,4,4,建筑工程,General installation works - Vol.4 Electrical equipment installation,,
060017,granite slab 0.25m2 beyond,Material,General,m2,3199.05,3199.05,3199.05,3199.05,1,KES,3263.03,1.02,4,4,建筑工程,floor finishing works,decorative steps,
060034,surface granite,Material,General,m2,2050.67,2050.67,2050.67,2050.67,1,KES,2091.69,1.02,4,4,建筑工程,floor finishing works,decorative steps,
110186,stone slab curing,Material,General,kg,124.96,124.96,124.96,124.96,1,KES,11.43,0.0915,4,4,建筑工程,floor finishing works,floor tiling,
110521,surface,Material,General,kg,1281.67,1281.67,1281.67,1281.67,1,KES,512.67,0.4,4,4,建筑工程,floor finishing works,floor tiling,
100020,adhesive floor tile,Material,General,m2,292.22,292.22,292.22,292.22,1,KES,298.07,1.02,4,4,建筑工程,floor finishing works,finish layer,
100026,adhesive ground slab,Material,General,m2,296.07,296.07,296.07,296.07,1,KES,301.99,1.02,4,4,建筑工程,floor finishing works,finish layer,
080175,gypsum hollow strip slab,Material,General,m2,666.47,666.47,666.47,666.47,1,KES,699.79,1.05,4,4,建筑工程,"wall and column finishes, partitions and curtain walls",partition,partition
080161,gypsum round strip slab,Material,General,m2,845.9,845.9,845.9,845.9,1,KES,888.2,1.05,4,4,建筑工程,"wall and column finishes, partitions and curtain walls",partition,partition
080177,cement strip slab,Material,Concrete & Cement,m2,576.75,576.75,576.75,576.75,1,KES,605.59,1.05,4,4,建筑工程,"wall and column finishes, partitions and curtain walls",partition,partition
040203,gypsum hollow block 660×500×100,Material,General,m2,640.84,640.84,640.84,640.84,1,KES,672.88,1.05,4,4,建筑工程,"wall and column finishes, partitions and curtain walls",partition,partition
080162,additional concrete strip slab,Material,Concrete & Cement,m2,884.35,884.35,884.35,884.35,1,KES,928.57,1.05,4,4,建筑工程,"wall and column finishes, partitions and curtain walls",partition,partition
110779,"gypsum adhesive, height",Material,General,m3,16020.89,16020.89,16020.89,16020.89,1,KES,107.34,0.0067,4,4,建筑工程,"wall and column finishes, partitions and curtain walls",partition,partition
390154,GRC cement wall panel,Material,Concrete & Cement,m2,576.75,576.75,576.75,576.75,1,KES,605.59,1.05,4,4,建筑工程,"wall and column finishes, partitions and curtain walls",partition,partition
390155,GRC cement wall panel,Material,Concrete & Cement,m2,615.2,615.2,615.2,615.2,1,KES,645.96,1.05,4,4,建筑工程,"wall and column finishes, partitions and curtain walls",partition,partition
800644,tower crane 450T M,Equipment,Cranes,machine-shift,27021.47,27021.47,27021.47,27021.47,1,KES,140.51,0.0052,4,4,建筑工程,Preliminaries and site measures,vertical transport,vertical transport
370201,aluminium alloy door,Material,General,m2,3652.76,3652.76,3652.76,3652.76,1,KES,3944.98,1.08,4,4,建筑工程,"wall and column finishes, partitions and curtain walls",partition,partition
080142,light-gauge steel keel LLQ-U7575×40,Material,Steel & Metal,m,123.04,123.04,123.04,123.04,1,KES,87.11,0.708,4,4,建筑工程,"wall and column finishes, partitions and curtain walls",partition,partition
080143,light-gauge steel keel LLQ-C7575×50,Material,Steel & Metal,m,149.96,149.96,149.96,149.96,1,KES,276.07,1.841,4,4,建筑工程,"wall and column finishes, partitions and curtain walls",partition,partition
080144,light-gauge steel keel QU-7577×40,Material,Steel & Metal,m,139.7,139.7,139.7,139.7,1,KES,41.63,0.298,4,4,建筑工程,"wall and column finishes, partitions and curtain walls",partition,partition
080145,light-gauge steel keel QC-7575×45/43,Material,Steel & Metal,m,171.74,171.74,171.74,171.74,1,KES,307.94,1.793,4,4,建筑工程,"wall and column finishes, partitions and curtain walls",partition,partition
080146,keel Q-130×12,Material,General,m,61.65,61.65,61.65,61.65,1,KES,13.22,0.2145,4,4,建筑工程,"wall and column finishes, partitions and curtain walls",partition,partition
080147,light-gauge steel keel shoring,Material,Steel & Metal,pcs,6.92,6.92,6.92,6.92,1,KES,1.84,0.2659,4,4,建筑工程,"wall and column finishes, partitions and curtain walls",partition,partition
800650,electricity height double (300 within),Equipment,General,machine-shift,7419.59,7419.59,7419.59,7419.59,1,KES,52.68,0.0071,4,4,建筑工程,Preliminaries and site measures,vertical transport,vertical transport
800647,tower crane 800T M,Equipment,Cranes,machine-shift,36586.57,36586.57,36586.57,36586.57,1,KES,259.76,0.0071,4,4,建筑工程,Preliminaries and site measures,vertical transport,vertical transport
800648,tower crane 900T M,Equipment,Cranes,machine-shift,51705.16,51705.16,51705.16,51705.16,1,KES,372.28,0.0072,4,4,建筑工程,Preliminaries and site measures,vertical transport,vertical transport
800704,electricity height double (400 within),Equipment,General,machine-shift,8876.85,8876.85,8876.85,8876.85,1,KES,63.47,0.0072,4,4,建筑工程,Preliminaries and site measures,vertical transport,vertical transport
370050,steel single flat door,Material,Steel & Metal,m2,4870.35,4870.35,4870.35,4870.35,1,KES,4870.35,1.0,4,4,建筑工程,door and window works,metal door,
370051,steel double flat door,Material,Steel & Metal,m2,5767.52,5767.52,5767.52,5767.52,1,KES,5767.52,1.0,4,4,建筑工程,door and window works,metal door,
090616,ordinary drill bit 4 6,Material,General,pcs,25.63,25.63,25.63,25.63,1,KES,3.08,0.12,4,4,建筑工程,General installation works - Vol.4 Electrical equipment installation,height electricity installation,
090439,hinge,Material,General,pcs,97.41,97.41,97.41,97.41,1,KES,148.98,1.5295,4,4,建筑工程,door and window works,,
370007,timber door,Material,Wood & Timber,m2,2242.92,2242.92,2242.92,2242.92,1,KES,2242.92,1.0,4,4,建筑工程,door and window works,,
370008,timber door with,Material,Wood & Timber,m2,2563.34,2563.34,2563.34,2563.34,1,KES,2563.34,1.0,4,4,建筑工程,door and window works,,
370009,timber door,Material,Wood & Timber,m2,9740.7,9740.7,9740.7,9740.7,1,KES,9740.7,1.0,4,4,建筑工程,door and window works,,
370010,timber door with,Material,Wood & Timber,m2,10253.37,10253.37,10253.37,10253.37,1,KES,10253.37,1.0,4,4,建筑工程,door and window works,,
090502,galvanized nail M5,Equipment,General,set,2.18,2.18,2.18,2.18,1,KES,8.89,4.08,4,4,建筑工程,General installation works - Vol.4 Electrical equipment installation,,
370052,steel single door,Material,Steel & Metal,m2,4485.85,4485.85,4485.85,4485.85,1,KES,4485.85,1.0,4,4,建筑工程,door and window works,metal door,
370053,steel double door,Material,Steel & Metal,m2,5383.02,5383.02,5383.02,5383.02,1,KES,5383.02,1.0,4,4,建筑工程,door and window works,metal door,
110040,gypsum putty,Material,General,kg,31.14,31.14,31.14,31.14,1,KES,20.62,0.662,4,4,建筑工程,"wall and column finishes, partitions and curtain walls",partition,partition
080174,ceramsite concrete strip slab,Material,Concrete & Cement,m2,704.92,704.92,704.92,704.92,1,KES,740.16,1.05,4,4,建筑工程,"wall and column finishes, partitions and curtain walls",partition,partition
800645,tower crane 500T M,Equipment,Cranes,machine-shift,29297.71,29297.71,29297.71,29297.71,1,KES,156.74,0.0054,4,4,建筑工程,Preliminaries and site measures,vertical transport,vertical transport
800646,tower crane 600T M,Equipment,Cranes,machine-shift,33451.61,33451.61,33451.61,33451.61,1,KES,237.51,0.0071,4,4,建筑工程,Preliminaries and site measures,vertical transport,vertical transport
800649,electricity height double (200 within),Equipment,General,machine-shift,5961.05,5961.05,5961.05,5961.05,1,KES,31.89,0.0054,4,4,建筑工程,Preliminaries and site measures,vertical transport,vertical transport
110346,coal bitumen paint L01-17,Material,Paint & Coatings,kg,104.46,104.46,104.46,104.46,1,KES,60.45,0.5788,4,4,建筑工程,"General installation works - Vol.12 Painting, anti-corrosion, thermal insulation",metal bonding structural brushing,
110835,coating,Material,General,kg,217.88,217.88,217.88,217.88,1,KES,98.05,0.45,4,4,建筑工程,"painting, coating and wallpapering works",spray and brush coating,wall surface finish layer coating
110200,emulsion paint,Material,Paint & Coatings,kg,91.0,91.0,91.0,91.0,1,KES,15.01,0.165,4,4,建筑工程,"painting, coating and wallpapering works",spray and brush coating,wall surface finish layer coating
100038,ground adhesive,Material,General,m2,214.04,214.04,214.04,214.04,1,KES,235.44,1.1,4,4,建筑工程,floor finishing works,finish layer,ground
150189,ground (),Material,General,m2,897.17,897.17,897.17,897.17,1,KES,942.03,1.05,4,4,建筑工程,floor finishing works,finish layer,ground
150327,ground (),Material,General,m2,640.84,640.84,640.84,640.84,1,KES,672.88,1.05,4,4,建筑工程,floor finishing works,finish layer,ground
100369,NSJ anti-corrosion coating,Material,General,kg,328.11,328.11,328.11,328.11,1,KES,72.84,0.222,4,4,建筑工程,"General installation works - Vol.12 Painting, anti-corrosion, thermal insulation",,
110487,water-based cement paint,Material,Concrete & Cement,kg,253.77,253.77,253.77,253.77,1,KES,99.93,0.3938,3,3,建筑工程,"painting, coating and wallpapering works",spray and brush coating,ceiling finish layer coating
120004,polyurethane,Material,General,m3,9228.03,9228.03,9228.03,9228.03,1,KES,387.58,0.042,3,3,建筑工程,"painting, coating and wallpapering works",,
150041,with,Material,General,m2,777.97,777.97,777.97,777.97,1,KES,933.57,1.2,3,3,建筑工程,"painting, coating and wallpapering works",,
110489,adhesive,Material,General,kg,281.97,281.97,281.97,281.97,1,KES,50.75,0.18,3,3,建筑工程,"painting, coating and wallpapering works",,
800206,slab 20×2500,Equipment,General,machine-shift,1253.47,1253.47,1253.47,1253.47,1,KES,1.25,0.001,3,3,建筑工程,General installation works - Vol.7 Ventilation and air conditioning,,
110109,adhesive,Material,General,kg,471.65,471.65,471.65,471.65,1,KES,94.33,0.2,3,3,建筑工程,General installation works - Vol.7 Ventilation and air conditioning,,
120044,phenolic,Material,General,pcs,5.13,5.13,5.13,5.13,1,KES,16.3,3.18,3,3,建筑工程,General installation works - Vol.7 Ventilation and air conditioning,,
180640,poly,Material,General,kg,230.7,230.7,230.7,230.7,1,KES,114.12,0.4947,3,3,建筑工程,Thermal insulation and anti-corrosion works,anti-corrosion,anti-corrosion coating
090330,metal skirting board,Material,Steel & Metal,m,410.13,410.13,410.13,410.13,1,KES,422.44,1.03,3,3,建筑工程,floor finishing works,skirting,
060201,substrate slab,Material,General,m,64.08,64.08,64.08,64.08,1,KES,66.01,1.03,3,3,建筑工程,floor finishing works,skirting,
110507,height coating,Material,General,kg,333.23,333.23,333.23,333.23,1,KES,404.88,1.215,3,3,建筑工程,"painting, coating and wallpapering works",spray and brush coating,wall surface finish layer coating
110506,coating,Material,General,kg,194.81,194.81,194.81,194.81,1,KES,811.01,4.163,3,3,建筑工程,"painting, coating and wallpapering works",spray and brush coating,wall surface finish layer coating
800539,diesel pile driver,Equipment,General,machine-shift,3771.96,3771.96,3771.96,3771.96,1,KES,215.0,0.057,3,3,建筑工程,ground treatment and slope support,,
840010,metal,Material,Steel & Metal,kg,53.32,53.32,53.32,53.32,1,KES,41.69,0.782,3,3,建筑工程,ground treatment and slope support,,
370066,slab door,Material,General,m2,8843.53,8843.53,8843.53,8843.53,1,KES,8843.53,1.0,3,3,建筑工程,door and window works,metal door,
100210,PE slab (5mm thickness),Material,General,m2,126.63,126.63,126.63,126.63,1,KES,139.93,1.105,3,3,建筑工程,roofing and waterproofing works,"wall surface waterproofing, moisture-proofing",wall surface membrane waterproofing
090724,nail,Material,Fasteners,pcs,2.44,2.44,2.44,2.44,1,KES,14.61,6.0,3,3,建筑工程,roofing and waterproofing works,"wall surface waterproofing, moisture-proofing",wall surface membrane waterproofing
090281,round 3×18,Material,General,pcs,12.3,12.3,12.3,12.3,1,KES,17.39,1.4133,3,3,建筑工程,General installation works - Vol.7 Ventilation and air conditioning,,
120001,latex 20,Material,General,m2,81.13,81.13,81.13,81.13,1,KES,14.33,0.1767,3,3,建筑工程,General installation works - Vol.7 Ventilation and air conditioning,,
091023,galvanized with bolt 16×(85 100),Material,Fasteners,set,24.86,24.86,24.86,24.86,1,KES,50.72,2.04,3,3,建筑工程,General installation works - Vol.7 Ventilation and air conditioning,Bracket and fabrication installation,bracket fabrication installation
390147,hollow floor slab installation (300 within),Material,General,m,4101.35,4101.35,4101.35,4101.35,1,KES,4306.41,1.05,3,3,建筑工程,concrete and reinforced concrete works,cast-in-situ concrete slab,
390146,hollow floor slab installation (200 within),Material,General,m,3383.61,3383.61,3383.61,3383.61,1,KES,3552.79,1.05,3,3,建筑工程,concrete and reinforced concrete works,cast-in-situ concrete slab,
390145,hollow floor slab installation (100 within),Material,General,m,2947.84,2947.84,2947.84,2947.84,1,KES,3095.23,1.05,3,3,建筑工程,concrete and reinforced concrete works,cast-in-situ concrete slab,
020110,concrete,Material,Concrete & Cement,pcs,25.63,25.63,25.63,25.63,1,KES,68.36,2.6667,3,3,建筑工程,concrete and reinforced concrete works,cast-in-situ concrete slab,
800039,round 40×4,Equipment,General,machine-shift,228.14,228.14,228.14,228.14,1,KES,16.27,0.0713,3,3,建筑工程,General installation works - Vol.7 Ventilation and air conditioning,"metal mesh fabrication, installation (030703007 030703010)",
110114,sealing paint,Material,Paint & Coatings,kg,166.62,166.62,166.62,166.62,1,KES,4.22,0.0253,3,3,建筑工程,"painting, coating and wallpapering works",paint on plastered surface,plastering moulding paint
090455,stainless steel skirting board,Material,Steel & Metal,m,697.23,697.23,697.23,697.23,1,KES,435.77,0.625,3,3,建筑工程,other decoration works,,frame
090950,aluminium alloy TS-S,Material,General,m,384.5,384.5,384.5,384.5,1,KES,521.13,1.3553,3,3,建筑工程,other decoration works,,wall
030119,plywood 12mm,Material,Wood & Timber,m2,333.23,333.23,333.23,333.23,1,KES,468.31,1.4053,3,3,建筑工程,other decoration works,,wall
090454,stainless steel,Material,Steel & Metal,m,185.84,185.84,185.84,185.84,1,KES,314.07,1.69,3,3,建筑工程,other decoration works,,frame
170062,32,Material,General,m,73.06,73.06,73.06,73.06,1,KES,25.57,0.35,3,3,建筑工程,roofing and waterproofing works,Roof waterproofing and sundries,roof (balcony) () water
370065,slab door,Material,General,m2,5895.69,5895.69,5895.69,5895.69,1,KES,5895.69,1.0,3,3,建筑工程,door and window works,metal door,
370064,slab flat door,Material,General,m2,6408.35,6408.35,6408.35,6408.35,1,KES,6408.35,1.0,3,3,建筑工程,door and window works,metal door,
030231,timber,Material,Wood & Timber,m3,23710.91,23710.91,23710.91,23710.91,1,KES,286.9,0.0121,3,3,建筑工程,timber-structure works,roof timber substrate,
030143,roof timber slab,Material,Wood & Timber,m2,679.29,679.29,679.29,679.29,1,KES,570.12,0.8393,3,3,建筑工程,timber-structure works,roof timber substrate,
350009,moulding BV-2.5,Material,General,m,22.04,22.04,22.04,22.04,1,KES,103.24,4.6831,3,3,建筑工程,General installation works - Vol.4 Electrical equipment installation,moulding,
091475,water stop bolt M14,Material,Fasteners,m,153.8,153.8,153.8,153.8,1,KES,195.96,1.2741,3,3,建筑工程,Preliminaries and site measures,cast-in-situ concrete formwork and brackets,wall
370145,timber door,Material,Wood & Timber,m2,5126.68,5126.68,5126.68,5126.68,1,KES,5126.68,1.0,3,3,建筑工程,door and window works,,
370144,no timber door,Material,Wood & Timber,m2,7433.69,7433.69,7433.69,7433.69,1,KES,7433.69,1.0,3,3,建筑工程,door and window works,,
370089,timber door,Material,Wood & Timber,m2,11406.87,11406.87,11406.87,11406.87,1,KES,11406.87,1.0,3,3,建筑工程,door and window works,,
310031,adhesive with 20×20,Material,General,unit,38.45,38.45,38.45,38.45,1,KES,14.35,0.3733,3,3,建筑工程,General installation works - Vol.4 Electrical equipment installation,electricity dry,
080248,partition,Material,General,m2,3845.01,3845.01,3845.01,3845.01,1,KES,3845.01,1.0,3,3,建筑工程,"wall and column finishes, partitions and curtain walls",partition,finished product partition
080247,partition wall,Material,General,m2,2819.68,2819.68,2819.68,2819.68,1,KES,2819.68,1.0,3,3,建筑工程,"wall and column finishes, partitions and curtain walls",partition,finished product partition
850129,electricity moulding,Equipment,General,machine-shift,1016.36,1016.36,1016.36,1016.36,1,KES,4573.64,4.5,3,3,建筑工程,General installation works - Vol.4 Electrical equipment installation,,electricity
080031,U-shaped steel CS60-2A,Material,Steel & Metal,pcs,5.25,5.25,5.25,5.25,1,KES,7.1,1.3502,3,3,建筑工程,ceiling works,ceiling suspended ceiling,ceiling keel
080024,U-shaped light-gauge steel keel CB38-2,Material,Steel & Metal,pcs,8.84,8.84,8.84,8.84,1,KES,7.5,0.8484,3,3,建筑工程,ceiling works,ceiling suspended ceiling,ceiling keel
090193,nail AM8,Material,Fasteners,pcs,4.1,4.1,4.1,4.1,1,KES,4.27,1.04,3,3,建筑工程,General installation works - Vol.7 Ventilation and air conditioning,,
110278,steel bonding structural thickness type coating,Material,Steel & Metal,kg,32.04,32.04,32.04,32.04,1,KES,455.12,14.204,3,3,建筑工程,"painting, coating and wallpapering works",spray and brush coating,metal structural brushing coating
110279,steel bonding structural type coating,Material,Steel & Metal,kg,80.75,80.75,80.75,80.75,1,KES,547.1,6.7757,3,3,建筑工程,"painting, coating and wallpapering works",spray and brush coating,metal structural brushing coating
110280,steel bonding structural type coating,Material,Steel & Metal,kg,198.66,198.66,198.66,198.66,1,KES,449.68,2.2636,3,3,建筑工程,"painting, coating and wallpapering works",spray and brush coating,metal structural brushing coating
110222,polyurethane enamel thinner,Material,Paint & Coatings,kg,187.12,187.12,187.12,187.12,1,KES,7.71,0.0412,3,3,建筑工程,"painting, coating and wallpapering works",spray and brush coating,ceiling finish layer coating
030132,stainless steel surface width 600mm,Material,Steel & Metal,m,11535.04,11535.04,11535.04,11535.04,1,KES,11535.04,1.0,3,3,建筑工程,other decoration works,,
030131,stone surface width 600mm,Material,General,m,14098.38,14098.38,14098.38,14098.38,1,KES,14098.38,1.0,3,3,建筑工程,other decoration works,,
030130,marble surface width 600mm,Material,General,m,12175.87,12175.87,12175.87,12175.87,1,KES,12175.87,1.0,3,3,建筑工程,other decoration works,,
060098,stone surface,Material,General,m2,5126.68,5126.68,5126.68,5126.68,1,KES,4483.28,0.8745,3,3,建筑工程,other decoration works,,
030160,1050×3600×450,Material,General,pcs,83308.6,83308.6,83308.6,83308.6,1,KES,83308.6,1.0,3,3,建筑工程,other decoration works,,
080020,U-shaped light-gauge steel keel CS50-L,Material,Steel & Metal,pcs,20.25,20.25,20.25,20.25,1,KES,3.98,0.1963,3,3,建筑工程,ceiling works,ceiling suspended ceiling,ceiling keel
080023,U-shaped light-gauge steel keel CB60-3,Material,Steel & Metal,pcs,6.66,6.66,6.66,6.66,1,KES,45.25,6.7894,3,3,建筑工程,ceiling works,ceiling suspended ceiling,ceiling keel
080013,U-shaped light-gauge steel keel CB60×27,Material,Steel & Metal,m,80.75,80.75,80.75,80.75,1,KES,346.92,4.2965,3,3,建筑工程,ceiling works,ceiling suspended ceiling,ceiling keel
850128,electricity,Equipment,General,machine-shift,273.0,273.0,273.0,273.0,1,KES,955.49,3.5,3,3,建筑工程,General installation works - Vol.4 Electrical equipment installation,,electricity
280231,splice 20,Material,General,pcs,5.0,5.0,5.0,5.0,1,KES,9.32,1.864,3,3,建筑工程,General installation works - Vol.4 Electrical equipment installation,moulding,electricity additional moulding
090510,galvanized lock nut (metal) 20,Material,Steel & Metal,pcs,4.87,4.87,4.87,4.87,1,KES,11.45,2.3507,3,3,建筑工程,General installation works - Vol.4 Electrical equipment installation,moulding,electricity additional moulding
280352,metal splice 20,Material,Steel & Metal,pcs,15.89,15.89,15.89,15.89,1,KES,24.17,1.5207,3,3,建筑工程,General installation works - Vol.4 Electrical equipment installation,moulding,electricity additional moulding
100201,modified bitumen,Material,Waterproofing,t,8821.74,8821.74,8821.74,8821.74,1,KES,97.04,0.011,3,3,建筑工程,floor finishing works,decorative steps,
810143,1: 1: 2.5 ordinary stone,Material,General,m3,4863.94,4863.94,4863.94,4863.94,1,KES,79.28,0.0163,3,3,建筑工程,floor finishing works,decorative steps,
350007,moulding BVR-6,Material,General,m,53.19,53.19,53.19,53.19,1,KES,54.25,1.02,3,3,建筑工程,General installation works - Vol.11 Communication equipment and lines,moulding (SLC),
350072,double moulding RVS2×1.0mm,Material,General,m,31.79,31.79,31.79,31.79,1,KES,129.68,4.08,3,3,建筑工程,General installation works - Vol.11 Communication equipment and lines,,
350070,double moulding RVS2×0.5mm,Material,General,m,16.15,16.15,16.15,16.15,1,KES,65.89,4.08,3,3,建筑工程,General installation works - Vol.11 Communication equipment and lines,,
120071,water stop with,Material,Water,m,415.26,415.26,415.26,415.26,1,KES,436.02,1.05,3,3,建筑工程,roofing and waterproofing works,"basement and floor waterproofing, moisture-proofing",water stop with
280164,metal grounding 30,Material,Steel & Metal,pcs,24.99,24.99,24.99,24.99,1,KES,25.74,1.03,3,3,建筑工程,General installation works - Vol.4 Electrical equipment installation,,
280193,metal BP-30,Material,Steel & Metal,pcs,14.48,14.48,14.48,14.48,1,KES,29.83,2.06,3,3,建筑工程,General installation works - Vol.4 Electrical equipment installation,,
280428,moulding 30,Material,General,pcs,133.29,133.29,133.29,133.29,1,KES,274.59,2.06,3,3,建筑工程,General installation works - Vol.4 Electrical equipment installation,,
080246,partition,Material,General,m2,5126.68,5126.68,5126.68,5126.68,1,KES,5126.68,1.0,3,3,建筑工程,"wall and column finishes, partitions and curtain walls",partition,finished product partition
060043,curved slab,Material,General,m2,1922.51,1922.51,1922.51,1922.51,1,KES,1941.73,1.01,3,3,建筑工程,"wall and column finishes, partitions and curtain walls",wall facing,wall surface decorative slab
080739,decorative slab aluminium slab polyurethane composite decorative slab,Material,General,m2,4870.35,4870.35,4870.35,4870.35,1,KES,5113.87,1.05,3,3,建筑工程,"wall and column finishes, partitions and curtain walls",wall facing,wall surface decorative slab
800034,DC welder 20kW,Equipment,Welding Equip.,machine-shift,312.73,312.73,312.73,312.73,1,KES,26.69,0.0853,3,3,建筑工程,General installation works - Vol.6 Automation control instrumentation,,
110738,acetylene gas,Material,Chemicals,kg,113.04,113.04,113.04,113.04,1,KES,0.71,0.0062,3,3,建筑工程,General installation works - Vol.6 Automation control instrumentation,,
190001,15,Material,General,pcs,324.26,324.26,324.26,324.26,1,KES,329.67,1.0167,3,3,建筑工程,General installation works - Vol.9 Fire protection,,
100031,bitumen,Material,Waterproofing,kg,38.58,38.58,38.58,38.58,1,KES,168.78,4.375,3,3,建筑工程,General installation works - Vol.7 Ventilation and air conditioning,wall,
030146,1100×6950×1200,Material,General,pcs,249925.81,249925.81,249925.81,249925.81,1,KES,249925.81,1.0,3,3,建筑工程,other decoration works,,
030162,1100×3600×950,Material,General,pcs,129192.42,129192.42,129192.42,129192.42,1,KES,129192.42,1.0,3,3,建筑工程,other decoration works,,
030161,1100×3260×800,Material,General,pcs,99970.32,99970.32,99970.32,99970.32,1,KES,99970.32,1.0,3,3,建筑工程,other decoration works,,
050028,ceramic tile surface slab 1000×800,Material,General,m2,1153.5,1153.5,1153.5,1153.5,1,KES,1199.64,1.04,3,3,建筑工程,"wall and column finishes, partitions and curtain walls",wall facing,wall surface decorative slab
110455,water glass adhesive,Material,Glass,m3,32041.77,32041.77,32041.77,32041.77,1,KES,67.29,0.0021,3,3,建筑工程,Thermal insulation and anti-corrosion works,anti-corrosion finish layer,anti-corrosion concrete finish layer
040051,gravel (0.5 3.2),Material,Aggregates,kg,0.77,0.77,0.77,0.77,1,KES,41.09,53.436,3,3,建筑工程,Thermal insulation and anti-corrosion works,anti-corrosion finish layer,anti-corrosion concrete finish layer
050029,ceramic tile surface slab 1200×1000,Material,General,m2,1409.84,1409.84,1409.84,1409.84,1,KES,1466.23,1.04,3,3,建筑工程,"wall and column finishes, partitions and curtain walls",wall facing,wall surface decorative slab
110527,phenolic ready-mixed paint,Material,Paint & Coatings,kg,487.03,487.03,487.03,487.03,1,KES,58.44,0.12,3,3,建筑工程,General installation works - Vol.6 Automation control instrumentation,,
050073,glass 12mm,Material,Glass,m2,2768.41,2768.41,2768.41,2768.41,1,KES,2935.62,1.0604,3,3,建筑工程,"wall and column finishes, partitions and curtain walls",partition,glass partition
091521,6×120 bolt,Material,Fasteners,pcs,19.23,19.23,19.23,19.23,1,KES,158.41,8.24,3,3,建筑工程,roofing and waterproofing works,Roof waterproofing and sundries,roof ()
091520,900 length strip,Material,General,pcs,384.5,384.5,384.5,384.5,1,KES,396.04,1.03,3,3,建筑工程,roofing and waterproofing works,Roof waterproofing and sundries,roof ()
010688,0.7 thickness 26 galvanized steel plate,Material,Steel & Metal,m2,192.25,192.25,192.25,192.25,1,KES,74.21,0.386,3,3,建筑工程,roofing and waterproofing works,Roof waterproofing and sundries,roof ()
010687,1.2 thickness aluminium slab,Material,General,m2,841.16,841.16,841.16,841.16,1,KES,789.85,0.939,3,3,建筑工程,roofing and waterproofing works,Roof waterproofing and sundries,roof ()
010127,aluminium slab 0.8,Material,General,m2,488.32,488.32,488.32,488.32,1,KES,700.25,1.434,3,3,建筑工程,roofing and waterproofing works,Roof waterproofing and sundries,roof ()
080206,slab suspended ceiling keel 38×15,Material,General,m,54.6,54.6,54.6,54.6,1,KES,67.52,1.2367,3,3,建筑工程,ceiling works,ceiling suspended ceiling,ceiling keel
080035,U type light-gauge steel keel CB50-1P,Material,Steel & Metal,pcs,10.89,10.89,10.89,10.89,1,KES,25.67,2.3566,3,3,建筑工程,ceiling works,ceiling suspended ceiling,ceiling keel
090682,with bolt M16×60,Material,Fasteners,set,36.66,36.66,36.66,36.66,1,KES,598.22,16.32,3,3,建筑工程,General installation works - Vol.6 Automation control instrumentation,,
850170,BM-2061000M,Equipment,General,machine-shift,299.4,299.4,299.4,299.4,1,KES,74.85,0.25,3,3,建筑工程,General installation works - Vol.5 Building intelligence systems,,"installation, single"
110283,putty,Material,General,kg,120.99,120.99,120.99,120.99,1,KES,362.97,3.0,3,3,建筑工程,General installation works - Vol.5 Building intelligence systems,,"installation, single"
030159,1050×4450×450,Material,General,pcs,103815.33,103815.33,103815.33,103815.33,1,KES,103815.33,1.0,3,3,建筑工程,other decoration works,,
030158,1150×4300×700,Material,General,pcs,121758.73,121758.73,121758.73,121758.73,1,KES,121758.73,1.0,3,3,建筑工程,other decoration works,,
030157,1150×4400×600,Material,General,pcs,101892.83,101892.83,101892.83,101892.83,1,KES,101892.83,1.0,3,3,建筑工程,other decoration works,,
030156,1150×4860×550,Material,General,pcs,112787.03,112787.03,112787.03,112787.03,1,KES,112787.03,1.0,3,3,建筑工程,other decoration works,,
030155,1150×13400×500,Material,General,pcs,310164.33,310164.33,310164.33,310164.33,1,KES,310164.33,1.0,3,3,建筑工程,other decoration works,,
030154,1600×4500×620,Material,General,pcs,126885.41,126885.41,126885.41,126885.41,1,KES,126885.41,1.0,3,3,建筑工程,other decoration works,,
030153,1100×6400×500,Material,General,pcs,147392.14,147392.14,147392.14,147392.14,1,KES,147392.14,1.0,3,3,建筑工程,other decoration works,,
030152,1150×5540×600,Material,General,pcs,127910.75,127910.75,127910.75,127910.75,1,KES,127910.75,1.0,3,3,建筑工程,other decoration works,,
030151,1150×7000×500,Material,General,pcs,161490.52,161490.52,161490.52,161490.52,1,KES,161490.52,1.0,3,3,建筑工程,other decoration works,,
030150,1150×5035×500,Material,General,pcs,116632.04,116632.04,116632.04,116632.04,1,KES,116632.04,1.0,3,3,建筑工程,other decoration works,,
030149,1100×5320×550,Material,General,pcs,123040.4,123040.4,123040.4,123040.4,1,KES,123040.4,1.0,3,3,建筑工程,other decoration works,,
030148,1100×5950×550,Material,General,pcs,137138.78,137138.78,137138.78,137138.78,1,KES,137138.78,1.0,3,3,建筑工程,other decoration works,,
030147,1100×5960×1200,Material,General,pcs,214039.02,214039.02,214039.02,214039.02,1,KES,214039.02,1.0,3,3,建筑工程,other decoration works,,
080128,aluminium alloy strip slab suspended ceiling keel LB50×26,Material,General,m,65.37,65.37,65.37,65.37,1,KES,75.06,1.1484,3,3,建筑工程,ceiling works,ceiling suspended ceiling,ceiling keel
800153,slab 20×2500,Equipment,General,machine-shift,1303.46,1303.46,1303.46,1303.46,1,KES,1.43,0.0011,3,3,建筑工程,roofing and waterproofing works,"basement and floor waterproofing, moisture-proofing",water stop with
850094,VIDAR,Equipment,General,machine-shift,3404.12,3404.12,3404.12,3404.12,1,KES,2269.41,0.6667,3,3,建筑工程,General installation works - Vol.4 Electrical equipment installation,height electricity,electricity single
210088,stainless steel,Material,Steel & Metal,pcs,1538.0,1538.0,1538.0,1538.0,1,KES,1538.0,1.0,3,3,建筑工程,other decoration works,,
090450,stainless steel,Material,Steel & Metal,set,512.67,512.67,512.67,512.67,1,KES,512.67,1.0,3,3,建筑工程,other decoration works,,
280075,moulding 700,Material,General,pcs,333.23,333.23,333.23,333.23,1,KES,333.23,1.0,3,3,建筑工程,General installation works - Vol.4 Electrical equipment installation,moulding installation,
120031,5,Material,General,m,1.54,1.54,1.54,1.54,1,KES,3.11,2.02,3,3,建筑工程,General installation works - Vol.11 Communication equipment and lines,,
330020,10m single,Material,General,pcs,2035.29,2035.29,2035.29,2035.29,1,KES,2076.0,1.02,3,3,建筑工程,General installation works - Vol.11 Communication equipment and lines,,
060037,marble,Material,General,pcs,2691.51,2691.51,2691.51,2691.51,1,KES,1955.83,0.7267,3,3,建筑工程,other decoration works,"handrail, railing, decorative railing panel",stone slab handrail and railing
060041,marble handrail (curved),Material,General,m,1835.35,1835.35,1835.35,1835.35,1,KES,2294.19,1.25,3,3,建筑工程,other decoration works,"handrail, railing, decorative railing panel",stone slab handrail and railing
060040,marble handrail (straight),Material,General,m,1345.75,1345.75,1345.75,1345.75,1,KES,1574.53,1.17,3,3,建筑工程,other decoration works,"handrail, railing, decorative railing panel",stone slab handrail and railing
390137,-shaped roof slab,Material,General,m3,31913.6,31913.6,31913.6,31913.6,1,KES,31913.6,1.0,3,3,建筑工程,concrete and reinforced concrete works,precast concrete slab,
390029,slab,Material,General,m3,17302.56,17302.56,17302.56,17302.56,1,KES,17302.56,1.0,3,3,建筑工程,concrete and reinforced concrete works,precast concrete slab,
390017,type roof slab,Material,General,m3,23070.07,23070.07,23070.07,23070.07,1,KES,23070.07,1.0,3,3,建筑工程,concrete and reinforced concrete works,precast concrete slab,
850113,YS44F,Equipment,General,machine-shift,312.47,312.47,312.47,312.47,1,KES,1249.89,4.0,3,3,建筑工程,General installation works - Vol.5 Building intelligence systems,,
090298,strip,Material,General,kg,376.81,376.81,376.81,376.81,1,KES,105.54,0.2801,3,3,建筑工程,"wall and column finishes, partitions and curtain walls",wall facing,wall surface decorative slab
080204,aluminium slab,Material,General,m2,1794.34,1794.34,1794.34,1794.34,1,KES,1884.06,1.05,3,3,建筑工程,"wall and column finishes, partitions and curtain walls",wall facing,wall surface decorative slab
080193,aluminium slab,Material,General,m2,1409.84,1409.84,1409.84,1409.84,1,KES,1480.33,1.05,3,3,建筑工程,"wall and column finishes, partitions and curtain walls",wall facing,wall surface decorative slab
010392,aluminium slab,Material,General,m2,5126.68,5126.68,5126.68,5126.68,1,KES,5383.02,1.05,3,3,建筑工程,"wall and column finishes, partitions and curtain walls",wall facing,wall surface decorative slab
810108,mortar,Material,Concrete & Cement,m3,18964.11,18964.11,18964.11,18964.11,1,KES,574.61,0.0303,3,3,建筑工程,Thermal insulation and anti-corrosion works,anti-corrosion finish layer,anti-corrosion mortar finish layer
110274,stone,Material,General,kg,26.92,26.92,26.92,26.92,1,KES,896.74,33.3174,3,3,建筑工程,Thermal insulation and anti-corrosion works,anti-corrosion finish layer,anti-corrosion mortar finish layer
810111,water glass concrete,Material,Concrete & Cement,m3,16332.46,16332.46,16332.46,16332.46,1,KES,541.42,0.0332,3,3,建筑工程,Thermal insulation and anti-corrosion works,anti-corrosion finish layer,anti-corrosion concrete finish layer
460105,steel slab 0.5,Material,Steel & Metal,kg,461.4,461.4,461.4,461.4,1,KES,69.21,0.15,3,3,建筑工程,General installation works - Vol.6 Automation control instrumentation,,
100461,2 thickness adhesive,Material,General,m2,384.5,384.5,384.5,384.5,1,KES,51.14,0.133,3,3,建筑工程,roofing and waterproofing works,Roof waterproofing and sundries,roof ()
100101,E44,Material,General,kg,352.46,352.46,352.46,352.46,1,KES,10.71,0.0304,3,3,建筑工程,roofing and waterproofing works,"basement and floor waterproofing, moisture-proofing",water stop with
010041,ordinary steel plate 3,Material,Steel & Metal,m2,1707.19,1707.19,1707.19,1707.19,1,KES,880.91,0.516,3,3,建筑工程,roofing and waterproofing works,"basement and floor waterproofing, moisture-proofing",water stop with
010017,angle steel 63 beyond,Material,Steel & Metal,kg,48.06,48.06,48.06,48.06,1,KES,855.52,17.8,3,3,建筑工程,General installation works - Vol.4 Electrical equipment installation,Bracket and fabrication installation,installation
300037,galvanized angle steel shoring 50×50×5×770,Material,Steel & Metal,pcs,187.12,187.12,187.12,187.12,1,KES,250.25,1.3373,3,3,建筑工程,General installation works - Vol.4 Electrical equipment installation,,installation
090139,galvanized with bolt 16×(275 300),Material,Fasteners,set,67.16,67.16,67.16,67.16,1,KES,182.67,2.72,3,3,建筑工程,General installation works - Vol.4 Electrical equipment installation,,installation
300017,galvanized double 65×6×830,Material,General,pair,312.73,312.73,312.73,312.73,1,KES,628.58,2.01,3,3,建筑工程,General installation works - Vol.4 Electrical equipment installation,,installation
390167,precast concrete 390×390,Material,Concrete & Cement,m2,3845.01,3845.01,3845.01,3845.01,1,KES,3921.91,1.02,3,3,建筑工程,concrete and reinforced concrete works,structural,
390150,ceramsite concrete wall slab,Material,Concrete & Cement,m3,17046.22,17046.22,17046.22,17046.22,1,KES,17046.22,1.0,3,3,建筑工程,concrete and reinforced concrete works,structural,
390020,concrete wall slab,Material,Concrete & Cement,m3,15636.38,15636.38,15636.38,15636.38,1,KES,15636.38,1.0,3,3,建筑工程,concrete and reinforced concrete works,structural,
050014,with glass 3mm,Equipment,General,m2,1199.64,1199.64,1199.64,1199.64,1,KES,3922.84,3.27,3,3,建筑工程,other decoration works,,frame
030123,timber facing panel,Material,Wood & Timber,m2,307.6,307.6,307.6,307.6,1,KES,1479.77,4.8107,3,3,建筑工程,other decoration works,,
280136,moulding 20A,Material,General,pcs,2.44,2.44,2.44,2.44,1,KES,4.94,2.03,3,3,建筑工程,General installation works - Vol.11 Communication equipment and lines,,
850079,electricity,Equipment,General,machine-shift,304.78,304.78,304.78,304.78,1,KES,1066.73,3.5,3,3,建筑工程,General installation works - Vol.11 Communication equipment and lines,,
090893,electricity 65,Material,General,pcs,15.76,15.76,15.76,15.76,1,KES,110.35,7.0,3,3,建筑工程,General installation works - Vol.11 Communication equipment and lines,,electricity ()
090871,electricity 55,Material,General,pcs,13.2,13.2,13.2,13.2,1,KES,92.41,7.0,3,3,建筑工程,General installation works - Vol.11 Communication equipment and lines,,electricity ()
290065,(with door),Material,General,pcs,19.1,19.1,19.1,19.1,1,KES,19.29,1.01,3,3,建筑工程,General installation works - Vol.11 Communication equipment and lines,,electricity ()
290086,(with door),Material,General,pcs,39.48,39.48,39.48,39.48,1,KES,39.87,1.01,3,3,建筑工程,General installation works - Vol.11 Communication equipment and lines,,electricity ()
800114,drilling 300 400,Equipment,General,machine-shift,4713.99,4713.99,4713.99,4713.99,1,KES,333.12,0.0707,3,3,建筑工程,ground treatment and slope support,"water, water works",
100111,adhesive water stop with,Material,Water,m,794.64,794.64,794.64,794.64,1,KES,834.37,1.05,3,3,建筑工程,roofing and waterproofing works,"basement and floor waterproofing, moisture-proofing",water stop with
080241,aluminium alloy wall slab FK1-B,Material,General,m2,1553.39,1553.39,1553.39,1553.39,1,KES,77.67,0.05,3,3,建筑工程,ceiling works,ceiling suspended ceiling,ceiling finish layer
080240,aluminium alloy slab,Material,General,m2,1367.54,1367.54,1367.54,1367.54,1,KES,1394.89,1.02,3,3,建筑工程,ceiling works,ceiling suspended ceiling,ceiling finish layer
080239,aluminium alloy slab embedding,Material,General,m2,1281.67,1281.67,1281.67,1281.67,1,KES,1307.3,1.02,3,3,建筑工程,ceiling works,ceiling suspended ceiling,ceiling finish layer
080223,moulding,Material,General,m,15.38,15.38,15.38,15.38,1,KES,27.74,1.8036,3,3,建筑工程,ceiling works,ceiling suspended ceiling,ceiling finish layer
090482,stainless steel frame,Material,Steel & Metal,set,293.5,293.5,293.5,293.5,1,KES,293.5,1.0,3,3,建筑工程,other decoration works,,
090481,frame,Material,General,set,182.0,182.0,182.0,182.0,1,KES,182.0,1.0,3,3,建筑工程,other decoration works,,
090377,stainless steel (),Material,Steel & Metal,set,1857.14,1857.14,1857.14,1857.14,1,KES,1857.14,1.0,3,3,建筑工程,other decoration works,,
400017,C10 stone concrete,Material,Concrete & Cement,m3,4678.1,4678.1,4678.1,4678.1,1,KES,4724.88,1.01,3,3,建筑工程,concrete and reinforced concrete works,cast-in-situ concrete blinding layer,floor blinding layer
400005,C10 ready-mixed concrete,Material,Concrete & Cement,m3,4485.85,4485.85,4485.85,4485.85,1,KES,4530.71,1.01,3,3,建筑工程,concrete and reinforced concrete works,cast-in-situ concrete blinding layer,floor blinding layer
091398,steel wire 12,Material,Steel & Metal,pcs,152.52,152.52,152.52,152.52,1,KES,2772.79,18.18,3,3,建筑工程,General installation works - Vol.5 Building intelligence systems,,
120065,poly with,Material,General,unit,86.38,86.38,86.38,86.38,1,KES,24.48,0.2833,3,3,建筑工程,General installation works - Vol.5 Building intelligence systems,,
090633,3,Material,General,set,1508.53,1508.53,1508.53,1508.53,1,KES,3017.05,2.0,3,3,建筑工程,concrete and reinforced concrete works,reinforcing steel works,
090280,single,Material,General,set,357.59,357.59,357.59,357.59,1,KES,715.17,2.0,3,3,建筑工程,concrete and reinforced concrete works,reinforcing steel works,
010139,slab,Material,General,set,148.67,148.67,148.67,148.67,1,KES,297.35,2.0,3,3,建筑工程,concrete and reinforced concrete works,reinforcing steel works,
800365,crawler crane 40t,Equipment,Cranes,machine-shift,13590.84,13590.84,13590.84,13590.84,1,KES,679.54,0.05,3,3,建筑工程,concrete and reinforced concrete works,reinforcing steel works,
090136,galvanized with bolt 16×(110 150),Material,Fasteners,set,57.03,57.03,57.03,57.03,1,KES,58.18,1.02,3,3,建筑工程,General installation works - Vol.4 Electrical equipment installation,,installation
100290,metal stone 50,Material,Steel & Metal,pcs,466.53,466.53,466.53,466.53,1,KES,961.05,2.06,3,3,建筑工程,"General installation works - Vol.10 Water supply, drainage, heating, gas",,installation
180123,flat (1.0MPa) 50,Material,General,pcs,224.29,224.29,224.29,224.29,1,KES,299.06,1.3333,3,3,建筑工程,"General installation works - Vol.10 Water supply, drainage, heating, gas",,installation
180139,flat (1.6MPa) 25,Material,General,pcs,116.89,116.89,116.89,116.89,1,KES,272.74,2.3333,3,3,建筑工程,"General installation works - Vol.10 Water supply, drainage, heating, gas","water, water",water installation
390122,pile 1000,Material,General,m,10253.37,10253.37,10253.37,10253.37,1,KES,10458.43,1.02,3,3,建筑工程,Piling works,,
390121,pile 800,Material,General,m,6408.35,6408.35,6408.35,6408.35,1,KES,6536.52,1.02,3,3,建筑工程,Piling works,,
390120,pile 600,Material,General,m,3524.59,3524.59,3524.59,3524.59,1,KES,3595.09,1.02,3,3,建筑工程,Piling works,,
180148,flat (1.6MPa) 200,Material,General,pcs,1171.45,1171.45,1171.45,1171.45,1,KES,1561.93,1.3333,3,3,建筑工程,"General installation works - Vol.10 Water supply, drainage, heating, gas",water,water ()
810087,CL10 ceramsite concrete,Material,Concrete & Cement,m3,4471.75,4471.75,4471.75,4471.75,1,KES,4516.47,1.01,3,3,建筑工程,concrete and reinforced concrete works,cast-in-situ concrete blinding layer,floor blinding layer
110606,coating,Material,General,kg,74.34,74.34,74.34,74.34,1,KES,92.92,1.25,3,3,建筑工程,"painting, coating and wallpapering works",timber surface paint,"timber slab, fibreboard, plywood ceiling paint"
110604,() topcoat,Material,General,kg,384.5,384.5,384.5,384.5,1,KES,296.07,0.77,3,3,建筑工程,"painting, coating and wallpapering works",timber surface paint,"timber slab, fibreboard, plywood ceiling paint"
030173,1100×5840×1080,Material,General,pcs,211475.68,211475.68,211475.68,211475.68,1,KES,211475.68,1.0,3,3,建筑工程,other decoration works,,
030172,1300×7200×950,Material,General,pcs,221729.05,221729.05,221729.05,221729.05,1,KES,221729.05,1.0,3,3,建筑工程,other decoration works,,
030171,1100×4000×450,Material,General,pcs,92280.3,92280.3,92280.3,92280.3,1,KES,92280.3,1.0,3,3,建筑工程,other decoration works,,
030170,1100×12200×550,Material,General,pcs,281967.58,281967.58,281967.58,281967.58,1,KES,281967.58,1.0,3,3,建筑工程,other decoration works,,
030169,1150×11500×500,Material,General,pcs,269150.87,269150.87,269150.87,269150.87,1,KES,269150.87,1.0,3,3,建筑工程,other decoration works,,
030168,1150×3700×650 circular,Material,General,pcs,153800.5,153800.5,153800.5,153800.5,1,KES,153800.5,1.0,3,3,建筑工程,other decoration works,,
030167,1100×6700×550,Material,General,pcs,155082.17,155082.17,155082.17,155082.17,1,KES,155082.17,1.0,3,3,建筑工程,other decoration works,,
030166,1150×3900×700,Material,General,pcs,99970.32,99970.32,99970.32,99970.32,1,KES,99970.32,1.0,3,3,建筑工程,other decoration works,,
030165,1150×5400×1250,Material,General,pcs,207630.67,207630.67,207630.67,207630.67,1,KES,207630.67,1.0,3,3,建筑工程,other decoration works,,
030164,1150×4050×850,Material,General,pcs,125603.74,125603.74,125603.74,125603.74,1,KES,125603.74,1.0,3,3,建筑工程,other decoration works,,
030163,1150×4200×800,Material,General,pcs,151237.15,151237.15,151237.15,151237.15,1,KES,151237.15,1.0,3,3,建筑工程,other decoration works,,
090943,24 stainless steel (),Material,Steel & Metal,m,2307.01,2307.01,2307.01,2307.01,1,KES,1799.47,0.78,3,3,建筑工程,"wall and column finishes, partitions and curtain walls",curtain wall works,glass curtain wall
090942,250 (single),Material,General,set,769.0,769.0,769.0,769.0,1,KES,76.9,0.1,3,3,建筑工程,"wall and column finishes, partitions and curtain walls",curtain wall works,glass curtain wall
090711,galvanized steel,Material,Steel & Metal,pcs,102.53,102.53,102.53,102.53,1,KES,661.24,6.449,3,3,建筑工程,ceiling works,ceiling works,
080323,stainless steel,Material,Steel & Metal,set,1922.51,1922.51,1922.51,1922.51,1,KES,2249.33,1.17,3,3,建筑工程,ceiling works,ceiling works,
080202,aluminium alloy,Material,General,m,48.32,48.32,48.32,48.32,1,KES,89.39,1.85,3,3,建筑工程,ceiling works,ceiling works,
060036,marble railing slab (curved),Material,General,m2,4648.62,4648.62,4648.62,4648.62,1,KES,4276.73,0.92,3,3,建筑工程,other decoration works,"handrail, railing, decorative railing panel",stone slab handrail and railing
060035,marble railing slab (straight),Material,General,m2,2499.26,2499.26,2499.26,2499.26,1,KES,2149.36,0.86,3,3,建筑工程,other decoration works,"handrail, railing, decorative railing panel",stone slab handrail and railing
090371,railing 20,Material,General,m,927.93,927.93,927.93,927.93,1,KES,6057.52,6.528,3,3,建筑工程,other decoration works,"handrail, railing, decorative railing panel","metal handrail, railing, railing slab"
090941,250 (),Material,General,set,1025.34,1025.34,1025.34,1025.34,1,KES,246.08,0.24,3,3,建筑工程,"wall and column finishes, partitions and curtain walls",curtain wall works,glass curtain wall
090940,250 (),Material,General,set,1538.0,1538.0,1538.0,1538.0,1,KES,497.29,0.3233,3,3,建筑工程,"wall and column finishes, partitions and curtain walls",curtain wall works,glass curtain wall
080283,steel keel bonding structural,Material,Steel & Metal,kg,87.15,87.15,87.15,87.15,1,KES,2774.39,31.8333,3,3,建筑工程,"wall and column finishes, partitions and curtain walls",curtain wall works,glass curtain wall
280255,galvanized electrical conduit splice 32,Material,General,pcs,21.66,21.66,21.66,21.66,1,KES,3.57,0.1648,3,3,建筑工程,General installation works - Vol.4 Electrical equipment installation,,
010120,galvanized electrical conduit 50,Material,General,m,267.87,267.87,267.87,267.87,1,KES,275.91,1.03,3,3,建筑工程,General installation works - Vol.4 Electrical equipment installation,,
010119,galvanized electrical conduit 40,Material,General,m,179.43,179.43,179.43,179.43,1,KES,184.82,1.03,3,3,建筑工程,General installation works - Vol.4 Electrical equipment installation,,
080137,suspended ceiling keel LB10×8,Material,General,m,63.44,63.44,63.44,63.44,1,KES,881.96,13.9017,3,3,建筑工程,ceiling works,ceiling suspended ceiling,suspended ceiling
080136,suspended ceiling keel LB13×22,Material,General,m,79.34,79.34,79.34,79.34,1,KES,154.17,1.9433,3,3,建筑工程,ceiling works,ceiling suspended ceiling,suspended ceiling
080078,T-shaped steel keel CL15×35,Material,Steel & Metal,m,56.39,56.39,56.39,56.39,1,KES,40.52,0.7185,3,3,建筑工程,ceiling works,ceiling suspended ceiling,suspended ceiling
080211,aluminium alloy strip slab keel LB50-2,Material,General,pcs,7.56,7.56,7.56,7.56,1,KES,9.0,1.19,3,3,建筑工程,ceiling works,ceiling suspended ceiling,ceiling keel
080210,aluminium alloy strip slab keel LB50-1P,Material,General,pcs,7.56,7.56,7.56,7.56,1,KES,9.0,1.19,3,3,建筑工程,ceiling works,ceiling suspended ceiling,ceiling keel
080133,length strip slab suspended ceiling keel 100×36,Material,General,set,18.46,18.46,18.46,18.46,1,KES,7.84,0.425,3,3,建筑工程,ceiling works,ceiling suspended ceiling,ceiling keel
080132,length strip slab suspended ceiling keel 100×36,Material,General,m,75.75,75.75,75.75,75.75,1,KES,41.49,0.5477,3,3,建筑工程,ceiling works,ceiling suspended ceiling,ceiling keel
380034,steel,Material,Steel & Metal,t,80745.26,80745.26,80745.26,80745.26,1,KES,80745.26,1.0,3,3,建筑工程,metal-structure works,steel structural,
380033,tread steel,Material,Steel & Metal,t,91639.46,91639.46,91639.46,91639.46,1,KES,91639.46,1.0,3,3,建筑工程,metal-structure works,steel structural,
380032,tread steel,Material,Steel & Metal,t,85231.11,85231.11,85231.11,85231.11,1,KES,85231.11,1.0,3,3,建筑工程,metal-structure works,steel structural,
050033,19mm tempered glass,Material,Glass,m2,5126.68,5126.68,5126.68,5126.68,1,KES,1230.4,0.24,3,3,建筑工程,"wall and column finishes, partitions and curtain walls",curtain wall works,glass curtain wall
090947,18 (),Material,General,set,2050.67,2050.67,2050.67,2050.67,1,KES,225.57,0.11,3,3,建筑工程,"wall and column finishes, partitions and curtain walls",curtain wall works,glass curtain wall
090946,24 (),Material,General,set,2819.68,2819.68,2819.68,2819.68,1,KES,253.77,0.09,3,3,建筑工程,"wall and column finishes, partitions and curtain walls",curtain wall works,glass curtain wall
090945,16 stainless steel (),Material,Steel & Metal,m,769.0,769.0,769.0,769.0,1,KES,610.08,0.7933,3,3,建筑工程,"wall and column finishes, partitions and curtain walls",curtain wall works,glass curtain wall
090944,18 stainless steel (),Material,Steel & Metal,m,1538.0,1538.0,1538.0,1538.0,1,KES,1376.51,0.895,3,3,建筑工程,"wall and column finishes, partitions and curtain walls",curtain wall works,glass curtain wall
090090,galvanized lock nut 100,Material,Fasteners,pcs,26.27,26.27,26.27,26.27,1,KES,4.06,0.1545,3,3,建筑工程,General installation works - Vol.4 Electrical equipment installation,,galvanized steel pipe
090089,galvanized lock nut 80,Material,Fasteners,pcs,21.92,21.92,21.92,21.92,1,KES,3.39,0.1545,3,3,建筑工程,General installation works - Vol.4 Electrical equipment installation,,galvanized steel pipe
050074,with adhesive glass,Material,Glass,m2,7049.19,7049.19,7049.19,7049.19,1,KES,7119.68,1.01,3,3,建筑工程,ceiling works,ceiling works,
080264,strip type,Material,General,m2,3332.34,3332.34,3332.34,3332.34,1,KES,3771.88,1.1319,3,3,建筑工程,ceiling works,ceiling suspended ceiling,suspended ceiling
130097,slab 50mm,Material,General,m2,1896.87,1896.87,1896.87,1896.87,1,KES,1972.75,1.04,3,3,建筑工程,Thermal insulation and anti-corrosion works,,floor surface
030113,electricity poly slab 5mm,Material,General,m2,422.95,422.95,422.95,422.95,1,KES,431.41,1.02,3,3,建筑工程,Thermal insulation and anti-corrosion works,,floor surface
030112,single surface adhesive slab 5mm,Material,General,m2,461.4,461.4,461.4,461.4,1,KES,470.63,1.02,3,3,建筑工程,Thermal insulation and anti-corrosion works,,floor surface
010170,0.5,Material,General,kg,640.84,640.84,640.84,640.84,1,KES,3156.88,4.9262,3,3,建筑工程,"wall and column finishes, partitions and curtain walls",column (beam) facing,column (beam) surface decorative
090059,nut 8,Material,Fasteners,pcs,0.77,0.77,0.77,0.77,1,KES,0.56,0.727,3,3,建筑工程,ceiling works,ceiling suspended ceiling,suspended ceiling
080235,bracket,Material,General,set,128.17,128.17,128.17,128.17,1,KES,325.86,2.5424,3,3,建筑工程,ceiling works,ceiling suspended ceiling,suspended ceiling
080226,slab 600×250,Material,General,pcs,256.33,256.33,256.33,256.33,1,KES,1294.27,5.0492,3,3,建筑工程,ceiling works,ceiling suspended ceiling,suspended ceiling
010048,galvanized steel pipe 20,Material,Steel & Metal,kg,65.37,65.37,65.37,65.37,1,KES,5.34,0.0816,3,3,建筑工程,ceiling works,ceiling suspended ceiling,suspended ceiling
080222,3 steel wire,Material,Steel & Metal,pcs,4.87,4.87,4.87,4.87,1,KES,9.78,2.008,3,3,建筑工程,ceiling works,ceiling suspended ceiling,suspended ceiling
090073,lock nut 15,Material,Fasteners,pcs,3.72,3.72,3.72,3.72,1,KES,0.83,0.2232,3,3,建筑工程,General installation works - Vol.4 Electrical equipment installation,,welding steel pipe
810004,1: 2 cement mortar,Material,Concrete & Cement,m3,4082.63,4082.63,4082.63,4082.63,1,KES,10.0,0.0024,3,3,建筑工程,"wall and column finishes, partitions and curtain walls",,wall surface pointing
850014,SR43,Equipment,General,machine-shift,263.38,263.38,263.38,263.38,1,KES,149.25,0.5667,3,3,建筑工程,General installation works - Vol.11 Communication equipment and lines,electricity (),
800586,YJ-340,Equipment,General,machine-shift,706.2,706.2,706.2,706.2,1,KES,47.1,0.0667,3,3,建筑工程,ground treatment and slope support,foundation pit,section steel pile
030175,1100×4380×550,Material,General,pcs,101251.99,101251.99,101251.99,101251.99,1,KES,101251.99,1.0,3,3,建筑工程,other decoration works,,
030174,1100×3600×600,Material,General,pcs,83308.6,83308.6,83308.6,83308.6,1,KES,83308.6,1.0,3,3,建筑工程,other decoration works,,
170015,PVC-U water 100,Material,Water,m,330.67,330.67,330.67,330.67,1,KES,261.23,0.79,3,3,建筑工程,"General installation works - Vol.10 Water supply, drainage, heating, gas",,
800332,90t,Equipment,General,machine-shift,362.71,362.71,362.71,362.71,1,KES,25.75,0.071,3,3,建筑工程,concrete and reinforced concrete works,reinforcing steel works,
800131,65t within,Equipment,General,machine-shift,271.71,271.71,271.71,271.71,1,KES,15.76,0.058,3,3,建筑工程,concrete and reinforced concrete works,reinforcing steel works,
850109,single electricity,Equipment,General,machine-shift,384.5,384.5,384.5,384.5,1,KES,1640.54,4.2667,3,3,建筑工程,General installation works - Vol.4 Electrical equipment installation,,
280409,JDG(KBG) splice 50,Material,General,pcs,67.93,67.93,67.93,67.93,1,KES,11.19,0.1648,3,3,建筑工程,General installation works - Vol.4 Electrical equipment installation,,() steel pipe
280408,JDG(KBG) splice 40,Material,General,pcs,49.99,49.99,49.99,49.99,1,KES,8.24,0.1648,3,3,建筑工程,General installation works - Vol.4 Electrical equipment installation,,() steel pipe
280410,JDG(KBG) splice 15,Material,General,pcs,30.76,30.76,30.76,30.76,1,KES,12.67,0.412,3,3,建筑工程,General installation works - Vol.4 Electrical equipment installation,,() steel pipe
280263,galvanized steel pipe splice 50,Material,Steel & Metal,pcs,53.45,53.45,53.45,53.45,1,KES,8.81,0.1648,3,3,建筑工程,General installation works - Vol.4 Electrical equipment installation,,galvanized steel pipe
280262,galvanized steel pipe splice 40,Material,Steel & Metal,pcs,37.3,37.3,37.3,37.3,1,KES,6.15,0.1648,3,3,建筑工程,General installation works - Vol.4 Electrical equipment installation,,galvanized steel pipe
070086,aluminium slab 40mm width,Material,General,m,102.53,102.53,102.53,102.53,1,KES,105.61,1.03,3,3,建筑工程,other decoration works,decorative moulding,metal decorative moulding
070085,decorative moulding slab 30mm beyond,Material,General,m,249.93,249.93,249.93,249.93,1,KES,257.42,1.03,3,3,建筑工程,other decoration works,decorative moulding,metal decorative moulding
010107,no steel pipe 426×8,Material,Steel & Metal,m,4881.88,4881.88,4881.88,4881.88,1,KES,2213.12,0.4533,3,3,建筑工程,"General installation works - Vol.10 Water supply, drainage, heating, gas",fabrication installation,waterproofing fabrication
010106,no steel pipe 377×8,Material,Steel & Metal,m,4310.26,4310.26,4310.26,4310.26,1,KES,1953.98,0.4533,3,3,建筑工程,"General installation works - Vol.10 Water supply, drainage, heating, gas",fabrication installation,waterproofing fabrication
010103,no steel pipe 273×6,Material,Steel & Metal,m,2309.57,2309.57,2309.57,2309.57,1,KES,1047.01,0.4533,3,3,建筑工程,"General installation works - Vol.10 Water supply, drainage, heating, gas",fabrication installation,waterproofing fabrication
010076,welding steel pipe 200,Material,Steel & Metal,m,1156.07,1156.07,1156.07,1156.07,1,KES,524.08,0.4533,3,3,建筑工程,"General installation works - Vol.10 Water supply, drainage, heating, gas",fabrication installation,waterproofing fabrication
800232,electricity double beam crane 5t,Equipment,Cranes,machine-shift,3074.73,3074.73,3074.73,3074.73,1,KES,111.51,0.0363,3,3,建筑工程,"General installation works - Vol.10 Water supply, drainage, heating, gas",,
800049,108,Equipment,General,machine-shift,544.71,544.71,544.71,544.71,1,KES,3.01,0.0055,3,3,建筑工程,"General installation works - Vol.10 Water supply, drainage, heating, gas",steel composite (),
070084,decorative moulding slab 30mm within,Material,General,m,149.96,149.96,149.96,149.96,1,KES,154.45,1.03,3,3,建筑工程,other decoration works,decorative moulding,metal decorative moulding
030145,750×4400×700 moulding-shaped,Material,General,pcs,169180.55,169180.55,169180.55,169180.55,1,KES,169180.55,1.0,3,3,建筑工程,other decoration works,,
030144,1100×6100×800,Material,General,pcs,234545.76,234545.76,234545.76,234545.76,1,KES,234545.76,1.0,3,3,建筑工程,other decoration works,,
030176,1100×4200×600,Material,General,pcs,107660.35,107660.35,107660.35,107660.35,1,KES,107660.35,1.0,3,3,建筑工程,other decoration works,,
100282,adhesive strip,Material,General,kg,410.13,410.13,410.13,410.13,1,KES,1037.85,2.5305,3,3,建筑工程,ceiling works,ceiling works,
090208,galvanized electricity 3×35,Material,General,pcs,17.43,17.43,17.43,17.43,1,KES,34.86,2.0,3,3,建筑工程,General installation works - Vol.11 Communication equipment and lines,,electricity ()
300111,moulding,Material,General,pair,187.12,187.12,187.12,187.12,1,KES,755.98,4.04,3,3,建筑工程,General installation works - Vol.11 Communication equipment and lines,,
280560,double slab,Material,General,pair,58.32,58.32,58.32,58.32,1,KES,353.4,6.06,3,3,建筑工程,General installation works - Vol.11 Communication equipment and lines,,
280398,single slab,Material,General,set,133.29,133.29,133.29,133.29,1,KES,2961.79,22.22,3,3,建筑工程,General installation works - Vol.11 Communication equipment and lines,,
010109,no steel pipe 478×9,Material,Steel & Metal,m,6190.47,6190.47,6190.47,6190.47,1,KES,2806.35,0.4533,3,3,建筑工程,"General installation works - Vol.10 Water supply, drainage, heating, gas",fabrication installation,waterproofing fabrication
020095,cement frame slab,Material,Concrete & Cement,pcs,1025.34,1025.34,1025.34,1025.34,1,KES,4070.59,3.97,3,3,建筑工程,roofing and waterproofing works,,profile and other items roof
100257,modified bitumen composite () 4mm thickness,Material,Waterproofing,m2,1089.42,1089.42,1089.42,1089.42,1,KES,1386.83,1.273,3,3,建筑工程,roofing and waterproofing works,Roof waterproofing and sundries,roof membrane waterproofing
110311,adhesive,Material,General,kg,425.51,425.51,425.51,425.51,1,KES,419.13,0.985,3,3,建筑工程,roofing and waterproofing works,"basement and floor waterproofing, moisture-proofing",water stop with
100198,adhesive 2mm,Material,General,m2,412.7,412.7,412.7,412.7,1,KES,132.06,0.32,3,3,建筑工程,roofing and waterproofing works,"basement and floor waterproofing, moisture-proofing",water stop with
090301,strip,Material,General,kg,640.84,640.84,640.84,640.84,1,KES,91.64,0.143,3,3,建筑工程,roofing and waterproofing works,"basement and floor waterproofing, moisture-proofing",water stop with
110445,poly waterproofing membrane 1.5mm,Material,Waterproofing,m2,704.92,704.92,704.92,704.92,1,KES,765.78,1.0863,3,3,建筑工程,roofing and waterproofing works,Roof waterproofing and sundries,roof membrane waterproofing
110184,CY-409 adhesive,Material,General,kg,153.8,153.8,153.8,153.8,1,KES,84.44,0.549,3,3,建筑工程,roofing and waterproofing works,Roof waterproofing and sundries,roof membrane waterproofing
100108,adhesive bitumen adhesive,Material,Waterproofing,kg,81.39,81.39,81.39,81.39,1,KES,4.44,0.0546,3,3,建筑工程,roofing and waterproofing works,Roof waterproofing and sundries,roof membrane waterproofing
160255,steel 492×192,Material,Steel & Metal,pcs,1538.0,1538.0,1538.0,1538.0,1,KES,3076.01,2.0,3,3,建筑工程,roofing and waterproofing works,,profile and other items roof
080021,U type light-gauge steel keel CS60-L,Material,Steel & Metal,pcs,19.74,19.74,19.74,19.74,1,KES,4.21,0.2133,3,3,建筑工程,ceiling works,ceiling decorative,with
010130,slab,Material,General,kg,788.23,788.23,788.23,788.23,1,KES,6392.53,8.11,3,3,建筑工程,roofing and waterproofing works,"basement and floor waterproofing, moisture-proofing",water stop with
210066,water 50,Material,Water,pcs,231.98,231.98,231.98,231.98,1,KES,233.14,1.005,3,3,建筑工程,"General installation works - Vol.10 Water supply, drainage, heating, gas",,
060200,electricity,Material,General,m,320.42,320.42,320.42,320.42,1,KES,330.03,1.03,3,3,建筑工程,floor finishing works,skirting,
110221,polyurethane enamel,Material,Paint & Coatings,kg,298.63,298.63,298.63,298.63,1,KES,76.9,0.2575,3,3,建筑工程,"painting, coating and wallpapering works",spray and brush coating,ceiling finish layer coating
110164,adhesive,Material,General,kg,102.53,102.53,102.53,102.53,1,KES,0.38,0.0037,3,3,建筑工程,"painting, coating and wallpapering works",timber surface paint,timber ground slab surface
810237,cement coal steel 2500kg/m3,Material,Concrete & Cement,m3,2307.01,2307.01,2307.01,2307.01,1,KES,2341.61,1.015,3,3,建筑工程,earthwork and rock works,backfill,foundation backfill
800405,height spraying,Equipment,General,machine-shift,3145.22,3145.22,3145.22,3145.22,1,KES,229.6,0.073,3,3,建筑工程,ground treatment and slope support,,
150172,timber,Material,Wood & Timber,kg,32.04,32.04,32.04,32.04,1,KES,15.16,0.473,3,3,建筑工程,ground treatment and slope support,,
800095,drilling (500 within) composite,Equipment,General,machine-shift,5831.6,5831.6,5831.6,5831.6,1,KES,456.03,0.0782,3,3,建筑工程,ground treatment and slope support,,
040026,gravel (composite),Material,Aggregates,kg,0.9,0.9,0.9,0.9,1,KES,1266.35,1411.5,3,3,建筑工程,ground treatment and slope support,"wall, and brushing coating",
110765,H8701 coating,Material,General,kg,307.6,307.6,307.6,307.6,1,KES,90.43,0.294,3,3,建筑工程,"General installation works - Vol.12 Painting, anti-corrosion, thermal insulation",,H8701 anti-corrosion coating
110766,NSJ-II anti-corrosion coating,Material,General,kg,448.58,448.58,448.58,448.58,1,KES,92.71,0.2067,3,3,建筑工程,"General installation works - Vol.12 Painting, anti-corrosion, thermal insulation",,
120025,plastic sheet,Material,General,m2,86.13,86.13,86.13,86.13,1,KES,120.58,1.4,3,3,建筑工程,"General installation works - Vol.12 Painting, anti-corrosion, thermal insulation",,
030021,timber patterned inlay ground slab,Material,Wood & Timber,m2,2563.34,2563.34,2563.34,2563.34,1,KES,2691.51,1.05,3,3,建筑工程,floor finishing works,finish layer,timber ground slab
060023,stone steps,Material,General,m2,4037.26,4037.26,4037.26,4037.26,1,KES,6334.47,1.569,3,3,建筑工程,floor finishing works,decorative steps,
120248,stone,Material,General,pcs,3588.68,3588.68,3588.68,3588.68,1,KES,3624.57,1.01,3,3,建筑工程,General installation works - Vol.11 Communication equipment and lines,"ground, and (031103032)",
350061,moulding RV500V16mm,Material,General,m,166.62,166.62,166.62,166.62,1,KES,849.75,5.1,3,3,建筑工程,General installation works - Vol.11 Communication equipment and lines,"ground, and (031103032)",
100366,mesh cloth,Material,General,m,1.92,1.92,1.92,1.92,1,KES,3.65,1.9,2,2,建筑工程,General installation works - Vol.7 Ventilation and air conditioning,,
110756,fluorocarbon paint,Material,Paint & Coatings,kg,999.7,999.7,999.7,999.7,1,KES,199.94,0.2,2,2,建筑工程,"painting, coating and wallpapering works",spray and brush coating,wall surface finish layer coating
110461,clear type concrete,Material,Concrete & Cement,kg,337.08,337.08,337.08,337.08,1,KES,50.56,0.15,2,2,建筑工程,"painting, coating and wallpapering works",spray and brush coating,wall surface finish layer coating
110462,clear type concrete,Material,Concrete & Cement,kg,533.18,533.18,533.18,533.18,1,KES,79.98,0.15,2,2,建筑工程,"painting, coating and wallpapering works",spray and brush coating,wall surface finish layer coating
040087,cement crushed stone,Material,Concrete & Cement,t,1854.58,1854.58,1854.58,1854.58,1,KES,911.34,0.4914,2,2,建筑工程,General installation works - Vol.11 Communication equipment and lines,pile,water pile
390104,electricity pile 120×120×1200,Material,General,pcs,489.6,489.6,489.6,489.6,1,KES,499.39,1.02,2,2,建筑工程,General installation works - Vol.11 Communication equipment and lines,pile,water pile
030042,timber skirting board,Material,Wood & Timber,m,246.08,246.08,246.08,246.08,1,KES,253.46,1.03,2,2,建筑工程,floor finishing works,skirting,
100206,stone bitumen glass,Material,Waterproofing,m2,256.33,256.33,256.33,256.33,1,KES,358.87,1.4,2,2,建筑工程,"General installation works - Vol.12 Painting, anti-corrosion, thermal insulation",,
150124,sack,Material,General,m2,80.49,80.49,80.49,80.49,1,KES,112.68,1.4,2,2,建筑工程,"General installation works - Vol.12 Painting, anti-corrosion, thermal insulation",,
800169,slurry transport 4000L,Equipment,General,machine-shift,11802.91,11802.91,11802.91,11802.91,1,KES,65.51,0.0056,2,2,建筑工程,earthwork and rock works,transport,slurry transport
800207,slab 20×2500,Equipment,General,machine-shift,988.17,988.17,988.17,988.17,1,KES,6.92,0.007,2,2,建筑工程,"General installation works - Vol.12 Painting, anti-corrosion, thermal insulation",fabrication installation,
110325,38%,Material,General,kg,4.36,4.36,4.36,4.36,1,KES,0.34,0.078,2,2,建筑工程,"General installation works - Vol.12 Painting, anti-corrosion, thermal insulation",,
390001,rectangular column,Material,General,m3,27241.91,27241.91,27241.91,27241.91,1,KES,27241.91,1.0,2,2,建筑工程,concrete and reinforced concrete works,precast concrete column,
090170,ground bolt 20×200,Material,Fasteners,set,61.78,61.78,61.78,61.78,1,KES,252.05,4.08,2,2,建筑工程,General installation works - Vol.7 Ventilation and air conditioning,installation,mixed () installation
020105,block,Material,General,m3,4870.35,4870.35,4870.35,4870.35,1,KES,3472.56,0.713,2,2,建筑工程,Masonry works,block masonry,
030117,timber strip slab 100×15,Material,Wood & Timber,m2,1025.34,1025.34,1025.34,1025.34,1,KES,1127.87,1.1,2,2,建筑工程,"wall and column finishes, partitions and curtain walls",partition,partition
090409,window,Material,Glass,m2,38.45,38.45,38.45,38.45,1,KES,0.54,0.014,2,2,建筑工程,timber-structure works,timber structural,
030232,"timber slab, slab",Material,Wood & Timber,m3,24351.75,24351.75,24351.75,24351.75,1,KES,479.73,0.0197,2,2,建筑工程,timber-structure works,timber structural,
350032,moulding 35mm2,Material,General,m,202.5,202.5,202.5,202.5,1,KES,303.76,1.5,2,2,建筑工程,General installation works - Vol.4 Electrical equipment installation,installation,
370079,with glass door,Material,Glass,m2,14098.38,14098.38,14098.38,14098.38,1,KES,14098.38,1.0,2,2,建筑工程,door and window works,door,
370077,no glass door,Material,Glass,m2,12816.71,12816.71,12816.71,12816.71,1,KES,12816.71,1.0,2,2,建筑工程,door and window works,door,
020203,cement P.O32.5,Material,Concrete & Cement,kg,6.66,6.66,6.66,6.66,1,KES,6545.65,982.139,2,2,建筑工程,Preliminaries and site measures,"water, water works",
800628,submersible pump 6 10t/h-20m,Equipment,Pumps,machine-shift,85.87,85.87,85.87,85.87,1,KES,206.63,2.4062,2,2,建筑工程,Preliminaries and site measures,"water, water works",water
170654,diameter 48mm,Material,General,pcs,192.25,192.25,192.25,192.25,1,KES,25.12,0.1306,2,2,建筑工程,Preliminaries and site measures,"water, water works",pit
180883,and bolt 100mm,Material,Fasteners,set,640.84,640.84,640.84,640.84,1,KES,38.1,0.0594,2,2,建筑工程,Preliminaries and site measures,"water, water works",pit
010410,steel pipe 40×20×2,Material,Steel & Metal,kg,281.97,281.97,281.97,281.97,1,KES,1841.14,6.5296,2,2,建筑工程,"wall and column finishes, partitions and curtain walls",partition,partition
090196,hinge,Material,General,pair,64.08,64.08,64.08,64.08,1,KES,192.25,3.0,2,2,建筑工程,"wall and column finishes, partitions and curtain walls",partition,finished product partition
030118,timber,Material,Wood & Timber,m2,384.5,384.5,384.5,384.5,1,KES,76.9,0.2,2,2,建筑工程,"wall and column finishes, partitions and curtain walls",partition,finished product partition
210035,water with 50,Material,Water,set,124.83,124.83,124.83,124.83,1,KES,124.83,1.0,2,2,建筑工程,"General installation works - Vol.10 Water supply, drainage, heating, gas",,
800048,cutting 159,Equipment,General,machine-shift,173.03,173.03,173.03,173.03,1,KES,9.95,0.0575,2,2,建筑工程,"General installation works - Vol.10 Water supply, drainage, heating, gas",,
180043,galvanized 15,Material,General,pcs,12.82,12.82,12.82,12.82,1,KES,38.83,3.03,2,2,建筑工程,"General installation works - Vol.10 Water supply, drainage, heating, gas",,
210030,spraying 15,Material,General,pcs,370.4,370.4,370.4,370.4,1,KES,374.11,1.01,2,2,建筑工程,"General installation works - Vol.10 Water supply, drainage, heating, gas",,
280182,metal 38,Material,Steel & Metal,m,671.6,671.6,671.6,671.6,1,KES,725.32,1.08,2,2,建筑工程,General installation works - Vol.4 Electrical equipment installation,,
280217,metal SP-30,Material,Steel & Metal,pcs,7.69,7.69,7.69,7.69,1,KES,15.95,2.074,2,2,建筑工程,General installation works - Vol.4 Electrical equipment installation,,
280216,metal SP-24,Material,Steel & Metal,pcs,5.51,5.51,5.51,5.51,1,KES,11.43,2.074,2,2,建筑工程,General installation works - Vol.4 Electrical equipment installation,,
280180,metal 24,Material,Steel & Metal,m,503.7,503.7,503.7,503.7,1,KES,543.99,1.08,2,2,建筑工程,General installation works - Vol.4 Electrical equipment installation,,
280215,metal SP-17,Material,Steel & Metal,pcs,5.0,5.0,5.0,5.0,1,KES,10.37,2.074,2,2,建筑工程,General installation works - Vol.4 Electrical equipment installation,,
280179,metal 17,Material,Steel & Metal,m,394.75,394.75,394.75,394.75,1,KES,426.33,1.08,2,2,建筑工程,General installation works - Vol.4 Electrical equipment installation,,
280214,metal SP-15,Material,Steel & Metal,pcs,4.87,4.87,4.87,4.87,1,KES,10.1,2.074,2,2,建筑工程,General installation works - Vol.4 Electrical equipment installation,,
280178,metal 15,Material,Steel & Metal,m,301.19,301.19,301.19,301.19,1,KES,325.29,1.08,2,2,建筑工程,General installation works - Vol.4 Electrical equipment installation,,
280213,metal SP-12,Material,Steel & Metal,pcs,4.61,4.61,4.61,4.61,1,KES,9.57,2.074,2,2,建筑工程,General installation works - Vol.4 Electrical equipment installation,,
280177,metal 12,Material,Steel & Metal,m,244.8,244.8,244.8,244.8,1,KES,264.38,1.08,2,2,建筑工程,General installation works - Vol.4 Electrical equipment installation,,
280212,metal SP-10,Material,Steel & Metal,pcs,4.49,4.49,4.49,4.49,1,KES,9.3,2.074,2,2,建筑工程,General installation works - Vol.4 Electrical equipment installation,,
280176,metal 10,Material,Steel & Metal,m,188.41,188.41,188.41,188.41,1,KES,203.48,1.08,2,2,建筑工程,General installation works - Vol.4 Electrical equipment installation,,
150173,fixing,Material,General,m,25.63,25.63,25.63,25.63,1,KES,101.74,3.969,2,2,建筑工程,roofing and waterproofing works,,bonding structural roof
120119,PCF C,Material,General,m2,2050.67,2050.67,2050.67,2050.67,1,KES,2860.69,1.395,2,2,建筑工程,roofing and waterproofing works,,bonding structural roof
080269,aluminium alloy slab,Material,General,m,897.17,897.17,897.17,897.17,1,KES,897.17,1.0,2,2,建筑工程,roofing and waterproofing works,,bonding structural roof
070015,timber 100mm beyond,Material,Wood & Timber,pcs,320.42,320.42,320.42,320.42,1,KES,346.05,1.08,2,2,建筑工程,other decoration works,decorative moulding,timber decorative moulding
070016,timber 100mm within,Material,Wood & Timber,pcs,143.55,143.55,143.55,143.55,1,KES,155.03,1.08,2,2,建筑工程,other decoration works,decorative moulding,timber decorative moulding
280184,metal 63,Material,Steel & Metal,m,934.34,934.34,934.34,934.34,1,KES,1009.09,1.08,2,2,建筑工程,General installation works - Vol.4 Electrical equipment installation,,
280418,metal SP-50,Material,Steel & Metal,pcs,20.25,20.25,20.25,20.25,1,KES,42.0,2.074,2,2,建筑工程,General installation works - Vol.4 Electrical equipment installation,,
280429,moulding 38,Material,General,pcs,219.17,219.17,219.17,219.17,1,KES,454.55,2.074,2,2,建筑工程,General installation works - Vol.4 Electrical equipment installation,,
280417,metal SP-38,Material,Steel & Metal,pcs,14.1,14.1,14.1,14.1,1,KES,29.24,2.074,2,2,建筑工程,General installation works - Vol.4 Electrical equipment installation,,
280098,S1-S4,Material,General,pcs,20.76,20.76,20.76,20.76,1,KES,21.18,1.02,2,2,建筑工程,General installation works - Vol.4 Electrical equipment installation,moulding installation,
280073,moulding 86HS,Material,General,pcs,20.76,20.76,20.76,20.76,1,KES,21.18,1.02,2,2,建筑工程,General installation works - Vol.4 Electrical equipment installation,moulding installation,
010233,angle steel,Material,Steel & Metal,kg,56.27,56.27,56.27,56.27,1,KES,712.17,12.6574,2,2,建筑工程,ceiling works,ceiling decorative,canopy facing
110056,adhesive,Material,General,kg,105.1,105.1,105.1,105.1,1,KES,0.99,0.0094,2,2,建筑工程,General installation works - Vol.4 Electrical equipment installation,,PVC
280277,PVC splice and lock 70,Material,General,set,114.71,114.71,114.71,114.71,1,KES,17.72,0.1545,2,2,建筑工程,General installation works - Vol.4 Electrical equipment installation,,PVC
280229,PVC splice 70,Material,General,pcs,56.01,56.01,56.01,56.01,1,KES,8.65,0.1545,2,2,建筑工程,General installation works - Vol.4 Electrical equipment installation,,PVC
210037,water with 100,Material,Water,set,417.82,417.82,417.82,417.82,1,KES,417.82,1.0,2,2,建筑工程,"General installation works - Vol.10 Water supply, drainage, heating, gas",,
280081,metal 40,Material,Steel & Metal,m,122.91,122.91,122.91,122.91,1,KES,126.6,1.03,2,2,建筑工程,General installation works - Vol.4 Electrical equipment installation,,
280080,metal 32,Material,Steel & Metal,m,102.02,102.02,102.02,102.02,1,KES,105.08,1.03,2,2,建筑工程,General installation works - Vol.4 Electrical equipment installation,,
280040,metal 25,Material,Steel & Metal,pcs,5.9,5.9,5.9,5.9,1,KES,12.23,2.074,2,2,建筑工程,General installation works - Vol.4 Electrical equipment installation,,
280079,metal 25,Material,Steel & Metal,m,70.49,70.49,70.49,70.49,1,KES,72.61,1.03,2,2,建筑工程,General installation works - Vol.4 Electrical equipment installation,,
280038,metal 15,Material,Steel & Metal,pcs,5.0,5.0,5.0,5.0,1,KES,10.37,2.074,2,2,建筑工程,General installation works - Vol.4 Electrical equipment installation,,
070138,aluminium length 100mm beyond,Material,General,pcs,140.98,140.98,140.98,140.98,1,KES,145.21,1.03,2,2,建筑工程,other decoration works,decorative moulding,aluminium decorative moulding
070137,aluminium length 100mm within,Material,General,pcs,92.28,92.28,92.28,92.28,1,KES,95.05,1.03,2,2,建筑工程,other decoration works,decorative moulding,aluminium decorative moulding
280077,metal 15,Material,Steel & Metal,m,37.81,37.81,37.81,37.81,1,KES,38.94,1.03,2,2,建筑工程,General installation works - Vol.4 Electrical equipment installation,,
080277,slab,Material,General,m2,2307.01,2307.01,2307.01,2307.01,1,KES,2307.01,1.0,2,2,建筑工程,"wall and column finishes, partitions and curtain walls",curtain wall works,with framework curtain wall
080256,aluminium single slab,Material,General,m2,4485.85,4485.85,4485.85,4485.85,1,KES,4485.85,1.0,2,2,建筑工程,"wall and column finishes, partitions and curtain walls",curtain wall works,with framework curtain wall
070110,finished product timber decorative column 350,Material,Wood & Timber,pcs,23259.76,23259.76,23259.76,23259.76,1,KES,23259.76,1.0,2,2,建筑工程,"wall and column finishes, partitions and curtain walls",column (beam) facing,finished product decorative column
070109,finished product gypsum decorative column 350,Material,General,pcs,2326.23,2326.23,2326.23,2326.23,1,KES,2326.23,1.0,2,2,建筑工程,"wall and column finishes, partitions and curtain walls",column (beam) facing,finished product decorative column
190005,20,Material,General,pcs,456.27,456.27,456.27,456.27,1,KES,460.84,1.01,2,2,建筑工程,"General installation works - Vol.10 Water supply, drainage, heating, gas","water, water",water installation
010087,steel pipe 530×10,Material,Steel & Metal,m,10063.68,10063.68,10063.68,10063.68,1,KES,5333.75,0.53,2,2,建筑工程,"General installation works - Vol.10 Water supply, drainage, heating, gas",fabrication installation,waterproofing fabrication
800605,electricity,Equipment,General,machine-shift,147.39,147.39,147.39,147.39,1,KES,54.05,0.3667,2,2,建筑工程,roofing and waterproofing works,,bonding structural roof
800584,40 (),Equipment,General,machine-shift,51.01,51.01,51.01,51.01,1,KES,1.7,0.0333,2,2,建筑工程,roofing and waterproofing works,,bonding structural roof
120028,ground slab,Material,General,m2,225.57,225.57,225.57,225.57,1,KES,236.85,1.05,2,2,建筑工程,floor finishing works,finish layer,
800199,electricity winch (single) 3t,Equipment,Hoists,machine-shift,1364.98,1364.98,1364.98,1364.98,1,KES,382.19,0.28,2,2,建筑工程,"General installation works - Vol.10 Water supply, drainage, heating, gas",installation,
170074,PVC 70,Material,General,m,166.62,166.62,166.62,166.62,1,KES,174.95,1.05,2,2,建筑工程,General installation works - Vol.4 Electrical equipment installation,,PVC
170073,PVC 50,Material,General,m,112.79,112.79,112.79,112.79,1,KES,118.43,1.05,2,2,建筑工程,General installation works - Vol.4 Electrical equipment installation,,PVC
170072,PVC 40,Material,General,m,79.46,79.46,79.46,79.46,1,KES,83.44,1.05,2,2,建筑工程,General installation works - Vol.4 Electrical equipment installation,,PVC
170071,PVC 32,Material,General,m,61.52,61.52,61.52,61.52,1,KES,64.6,1.05,2,2,建筑工程,General installation works - Vol.4 Electrical equipment installation,,PVC
170070,PVC 25,Material,General,m,34.61,34.61,34.61,34.61,1,KES,36.34,1.05,2,2,建筑工程,General installation works - Vol.4 Electrical equipment installation,,PVC
280224,PVC splice 20,Material,General,pcs,7.69,7.69,7.69,7.69,1,KES,1.35,0.1751,2,2,建筑工程,General installation works - Vol.4 Electrical equipment installation,,PVC
170069,PVC 20,Material,General,m,29.48,29.48,29.48,29.48,1,KES,30.95,1.05,2,2,建筑工程,General installation works - Vol.4 Electrical equipment installation,,PVC
070004,timber slab strip 50mm beyond,Material,Wood & Timber,m,153.8,153.8,153.8,153.8,1,KES,166.1,1.08,2,2,建筑工程,other decoration works,decorative moulding,timber decorative moulding
070003,timber slab strip 50mm within,Material,Wood & Timber,m,69.21,69.21,69.21,69.21,1,KES,74.75,1.08,2,2,建筑工程,other decoration works,decorative moulding,timber decorative moulding
280025,moulding,Material,General,pcs,346.05,346.05,346.05,346.05,1,KES,352.97,1.02,2,2,建筑工程,General installation works - Vol.4 Electrical equipment installation,moulding installation,
800203,electricity 100 beyond,Equipment,General,machine-shift,1076.6,1076.6,1076.6,1076.6,1,KES,81.82,0.076,2,2,建筑工程,"General installation works - Vol.10 Water supply, drainage, heating, gas",,
280223,PVC splice 15,Material,General,pcs,6.79,6.79,6.79,6.79,1,KES,1.19,0.1751,2,2,建筑工程,General installation works - Vol.4 Electrical equipment installation,,PVC
170068,PVC 15,Material,General,m,23.07,23.07,23.07,23.07,1,KES,24.22,1.05,2,2,建筑工程,General installation works - Vol.4 Electrical equipment installation,,PVC
280065,(steel pipe) 80,Material,Steel & Metal,pcs,10.51,10.51,10.51,10.51,1,KES,1.62,0.1545,2,2,建筑工程,General installation works - Vol.4 Electrical equipment installation,,galvanized steel pipe
280245,welding steel pipe splice 40,Material,Steel & Metal,pcs,32.68,32.68,32.68,32.68,1,KES,5.39,0.1648,2,2,建筑工程,General installation works - Vol.4 Electrical equipment installation,,welding steel pipe
090081,lock nut 100,Material,Fasteners,pcs,18.71,18.71,18.71,18.71,1,KES,2.89,0.1545,2,2,建筑工程,General installation works - Vol.4 Electrical equipment installation,,welding steel pipe
090115,with bolt 27×(120 140),Material,Fasteners,set,107.28,107.28,107.28,107.28,1,KES,1988.89,18.54,2,2,建筑工程,"General installation works - Vol.10 Water supply, drainage, heating, gas",installation,water ()
100216,adhesive slab 182×148×14,Material,General,pcs,156.36,156.36,156.36,156.36,1,KES,1340.04,8.57,2,2,建筑工程,General installation works - Vol.11 Communication equipment and lines,,
110442,coating (moulding and grinding),Material,General,kg,743.37,743.37,743.37,743.37,1,KES,150.16,0.202,2,2,建筑工程,roofing and waterproofing works,,profile and other items roof
060007,stone floor tile,Material,General,m2,749.78,749.78,749.78,749.78,1,KES,764.77,1.02,2,2,建筑工程,roofing and waterproofing works,,profile and other items roof
310007,moulding J-2,Material,General,pcs,225.57,225.57,225.57,225.57,1,KES,455.66,2.02,2,2,建筑工程,General installation works - Vol.4 Electrical equipment installation,,Moulding and steel fabrication installation
170013,PVC-U water 50,Material,Water,m,116.63,116.63,116.63,116.63,1,KES,85.26,0.731,2,2,建筑工程,"General installation works - Vol.10 Water supply, drainage, heating, gas",,
170230,composite 100,Material,General,m,2653.06,2653.06,2653.06,2653.06,1,KES,2699.49,1.0175,2,2,建筑工程,"General installation works - Vol.10 Water supply, drainage, heating, gas",steel composite (),
170229,composite 80,Material,General,m,2153.21,2153.21,2153.21,2153.21,1,KES,2190.89,1.0175,2,2,建筑工程,"General installation works - Vol.10 Water supply, drainage, heating, gas",steel composite (),
170228,composite 70,Material,General,m,1602.09,1602.09,1602.09,1602.09,1,KES,1630.13,1.0175,2,2,建筑工程,"General installation works - Vol.10 Water supply, drainage, heating, gas",steel composite (),
170227,composite 50,Material,General,m,1263.73,1263.73,1263.73,1263.73,1,KES,1285.84,1.0175,2,2,建筑工程,"General installation works - Vol.10 Water supply, drainage, heating, gas",steel composite (),
170226,composite 40,Material,General,m,911.27,911.27,911.27,911.27,1,KES,927.22,1.0175,2,2,建筑工程,"General installation works - Vol.10 Water supply, drainage, heating, gas",steel composite (),
170016,PVC-U water 125,Material,Water,m,405.01,405.01,405.01,405.01,1,KES,385.57,0.952,2,2,建筑工程,"General installation works - Vol.10 Water supply, drainage, heating, gas",,
070044,PVC surface 100mm beyond,Material,General,pcs,276.84,276.84,276.84,276.84,1,KES,285.15,1.03,2,2,建筑工程,other decoration works,decorative moulding,decorative moulding
120140,ground slab 0.20m2 beyond,Material,General,m2,1025.34,1025.34,1025.34,1025.34,1,KES,1045.84,1.02,2,2,建筑工程,floor finishing works,finish layer,
070043,PVC surface 100mm within,Material,General,pcs,128.17,128.17,128.17,128.17,1,KES,132.01,1.03,2,2,建筑工程,other decoration works,decorative moulding,decorative moulding
850132,AD2291Z,Equipment,General,machine-shift,342.21,342.21,342.21,342.21,1,KES,92.4,0.27,2,2,建筑工程,General installation works - Vol.4 Electrical equipment installation,electricity,"10kV, single"
170014,PVC-U water 75,Material,Water,m,202.5,202.5,202.5,202.5,1,KES,196.13,0.9685,2,2,建筑工程,"General installation works - Vol.10 Water supply, drainage, heating, gas",,
150123,electricity 24AH,Material,General,pcs,9356.2,9356.2,9356.2,9356.2,1,KES,374.25,0.04,2,2,建筑工程,General installation works - Vol.9 Fire protection,,
010196,steel plate 2.5,Material,Steel & Metal,m2,2676.13,2676.13,2676.13,2676.13,1,KES,41.75,0.0156,2,2,建筑工程,General installation works - Vol.9 Fire protection,,
010197,steel pipe 10,Material,Steel & Metal,m,326.83,326.83,326.83,326.83,1,KES,201.98,0.618,2,2,建筑工程,General installation works - Vol.9 Fire protection,,
130064,glass wool slab,Material,Glass,m3,5383.02,5383.02,5383.02,5383.02,1,KES,307.91,0.0572,2,2,建筑工程,Thermal insulation and anti-corrosion works,,ceiling
020006,additional concrete,Material,Concrete & Cement,m3,4485.85,4485.85,4485.85,4485.85,1,KES,4575.56,1.02,2,2,建筑工程,Masonry works,block masonry,
090098,with bolt 10×(40 60),Material,Fasteners,set,5.9,5.9,5.9,5.9,1,KES,14.74,2.5,2,2,建筑工程,General installation works - Vol.9 Fire protection,,
070106,finished product timber column height 500mm within,Material,Wood & Timber,pcs,17724.23,17724.23,17724.23,17724.23,1,KES,17724.23,1.0,2,2,建筑工程,"wall and column finishes, partitions and curtain walls",column (beam) facing,finished product decorative column
070105,finished product timber column height 350mm within,Material,Wood & Timber,pcs,8733.3,8733.3,8733.3,8733.3,1,KES,8733.3,1.0,2,2,建筑工程,"wall and column finishes, partitions and curtain walls",column (beam) facing,finished product decorative column
091068,steel plate,Material,Steel & Metal,m2,2307.01,2307.01,2307.01,2307.01,1,KES,2307.01,1.0,2,2,建筑工程,"wall and column finishes, partitions and curtain walls",column (beam) facing,column (beam) surface decorative
010391,steel plate,Material,Steel & Metal,m2,8330.86,8330.86,8330.86,8330.86,1,KES,9684.62,1.1625,2,2,建筑工程,"wall and column finishes, partitions and curtain walls",column (beam) facing,column (beam) surface decorative
080233,metal round 200,Material,Steel & Metal,pcs,77.67,77.67,77.67,77.67,1,KES,1980.57,25.5,2,2,建筑工程,ceiling works,ceiling suspended ceiling,suspended ceiling
080231,metal round 150,Material,Steel & Metal,pcs,65.11,65.11,65.11,65.11,1,KES,2951.39,45.33,2,2,建筑工程,ceiling works,ceiling suspended ceiling,suspended ceiling
280246,welding steel pipe splice 50,Material,Steel & Metal,pcs,46.78,46.78,46.78,46.78,1,KES,7.71,0.1648,2,2,建筑工程,General installation works - Vol.4 Electrical equipment installation,,welding steel pipe
050009,glass finished product,Material,Glass,m2,4485.85,4485.85,4485.85,4485.85,1,KES,4620.42,1.03,2,2,建筑工程,"wall and column finishes, partitions and curtain walls",column (beam) facing,column (beam) surface decorative
030057,surface slab,Material,General,m2,333.23,333.23,333.23,333.23,1,KES,380.39,1.1415,2,2,建筑工程,"wall and column finishes, partitions and curtain walls",column (beam) facing,column (beam) surface decorative
180146,flat (1.6MPa) 125,Material,General,pcs,692.1,692.1,692.1,692.1,1,KES,1384.2,2.0,2,2,建筑工程,"General installation works - Vol.10 Water supply, drainage, heating, gas",water,water ()
180637,galvanized splice (composite),Material,General,pcs,147.39,147.39,147.39,147.39,1,KES,32.57,0.221,2,2,建筑工程,"General installation works - Vol.10 Water supply, drainage, heating, gas",,installation
090103,with bolt 12×(65 80),Material,Fasteners,set,8.59,8.59,8.59,8.59,1,KES,20.63,2.403,2,2,建筑工程,"General installation works - Vol.10 Water supply, drainage, heating, gas",,installation
020015,precast concrete,Material,Concrete & Cement,m3,5511.18,5511.18,5511.18,5511.18,1,KES,93.14,0.0169,2,2,建筑工程,"General installation works - Vol.10 Water supply, drainage, heating, gas",,installation
010049,galvanized steel pipe 25,Material,Steel & Metal,kg,63.19,63.19,63.19,63.19,1,KES,41.83,0.662,2,2,建筑工程,other decoration works,"handrail, railing, decorative railing panel",timber wall handrail
090410,galvanized 80,Material,General,pcs,55.37,55.37,55.37,55.37,1,KES,66.08,1.1935,2,2,建筑工程,other decoration works,"handrail, railing, decorative railing panel",timber wall handrail
030062,timber handrail (straight) 105×65,Material,Wood & Timber,m,1270.14,1270.14,1270.14,1270.14,1,KES,1435.25,1.13,2,2,建筑工程,other decoration works,"handrail, railing, decorative railing panel",timber wall handrail
030051,timber railing 40,Material,Wood & Timber,m,208.91,208.91,208.91,208.91,1,KES,882.0,4.2218,2,2,建筑工程,other decoration works,"handrail, railing, decorative railing panel","timber handrail, railing, railing slab"
100281,sealant,Material,Rubber,pcs,358.87,358.87,358.87,358.87,1,KES,28.71,0.08,2,2,建筑工程,"wall and column finishes, partitions and curtain walls",curtain wall works,glass curtain wall
090080,lock nut 80,Material,Fasteners,pcs,15.64,15.64,15.64,15.64,1,KES,2.42,0.1545,2,2,建筑工程,General installation works - Vol.4 Electrical equipment installation,,welding steel pipe
090085,galvanized lock nut 32,Material,Fasteners,pcs,9.74,9.74,9.74,9.74,1,KES,1.5,0.1545,2,2,建筑工程,General installation works - Vol.4 Electrical equipment installation,,galvanized steel pipe
090084,galvanized lock nut 25,Material,Fasteners,pcs,7.95,7.95,7.95,7.95,1,KES,1.23,0.1545,2,2,建筑工程,General installation works - Vol.4 Electrical equipment installation,,galvanized steel pipe
090074,lock nut 20,Material,Fasteners,pcs,4.49,4.49,4.49,4.49,1,KES,5.34,1.1898,2,2,建筑工程,General installation works - Vol.4 Electrical equipment installation,moulding installation,welding steel pipe
280058,(steel pipe) 15,Material,Steel & Metal,pcs,1.79,1.79,1.79,1.79,1,KES,0.28,0.1545,2,2,建筑工程,General installation works - Vol.4 Electrical equipment installation,,welding steel pipe
850046,FLUK2000,Equipment,General,machine-shift,1766.14,1766.14,1766.14,1766.14,1,KES,55.19,0.0312,2,2,建筑工程,General installation works - Vol.5 Building intelligence systems,,
850026,mesh FWKE,Equipment,General,machine-shift,1197.98,1197.98,1197.98,1197.98,1,KES,17969.67,15.0,2,2,建筑工程,General installation works - Vol.5 Building intelligence systems,mesh,
090292,50g/,Material,General,kg,461.4,461.4,461.4,461.4,1,KES,9.23,0.02,2,2,建筑工程,General installation works - Vol.5 Building intelligence systems,,installation
010535,with 200mm×0.2mm,Material,General,m,256.33,256.33,256.33,256.33,1,KES,3845.01,15.0,2,2,建筑工程,General installation works - Vol.4 Electrical equipment installation,electricity,
800071,shotcrete machine,Equipment,General,machine-shift,248.64,248.64,248.64,248.64,1,KES,2.24,0.009,2,2,建筑工程,Thermal insulation and anti-corrosion works,,ceiling
150182,no finishing coat,Equipment,General,kg,25.63,25.63,25.63,25.63,1,KES,12.77,0.498,2,2,建筑工程,Thermal insulation and anti-corrosion works,,ceiling
150181,no,Equipment,General,kg,33.32,33.32,33.32,33.32,1,KES,249.93,7.5,2,2,建筑工程,Thermal insulation and anti-corrosion works,,ceiling
110454,water-based adhesive,Material,Water,kg,6.79,6.79,6.79,6.79,1,KES,5.09,0.75,2,2,建筑工程,Thermal insulation and anti-corrosion works,,ceiling
800274,crane 6t,Equipment,Cranes,machine-shift,4569.16,4569.16,4569.16,4569.16,1,KES,913.83,0.2,2,2,建筑工程,"General installation works - Vol.10 Water supply, drainage, heating, gas",water installation,
170556,PVC-U water stop 50,Material,Water,pcs,24.22,24.22,24.22,24.22,1,KES,24.47,1.01,2,2,建筑工程,"General installation works - Vol.10 Water supply, drainage, heating, gas",,
100292,metal stone 100,Material,Steel & Metal,pcs,1017.65,1017.65,1017.65,1017.65,1,KES,2096.35,2.06,2,2,建筑工程,"General installation works - Vol.10 Water supply, drainage, heating, gas",,installation
180131,flat (1.0MPa) 300,Material,General,pcs,2345.46,2345.46,2345.46,2345.46,1,KES,2345.46,1.0,2,2,建筑工程,"General installation works - Vol.10 Water supply, drainage, heating, gas",,installation
800198,electricity winch (single) 1t,Equipment,Hoists,machine-shift,1307.3,1307.3,1307.3,1307.3,1,KES,4405.62,3.37,2,2,建筑工程,"General installation works - Vol.10 Water supply, drainage, heating, gas",water,water installation
180141,flat (1.6MPa) 40,Material,General,pcs,210.19,210.19,210.19,210.19,1,KES,315.29,1.5,2,2,建筑工程,"General installation works - Vol.10 Water supply, drainage, heating, gas","water, water",water installation
180152,flat (1.6MPa) 400,Material,General,pcs,4690.92,4690.92,4690.92,4690.92,1,KES,7036.37,1.5,2,2,建筑工程,"General installation works - Vol.10 Water supply, drainage, heating, gas",water,water ()
180150,flat (1.6MPa) 300,Material,General,pcs,2368.53,2368.53,2368.53,2368.53,1,KES,3552.79,1.5,2,2,建筑工程,"General installation works - Vol.10 Water supply, drainage, heating, gas",water,water ()
010148,steel plate 300×300×6,Material,Steel & Metal,kg,69.85,69.85,69.85,69.85,1,KES,314.33,4.5,2,2,建筑工程,General installation works - Vol.4 Electrical equipment installation,,installation
300025,galvanized angle steel 63×63×6×1400,Material,Steel & Metal,pcs,543.43,543.43,543.43,543.43,1,KES,545.06,1.003,2,2,建筑工程,General installation works - Vol.4 Electrical equipment installation,,installation
300011,galvanized flat steel slab 65×8×480,Material,Steel & Metal,pcs,29.73,29.73,29.73,29.73,1,KES,89.65,3.015,2,2,建筑工程,General installation works - Vol.4 Electrical equipment installation,,installation
300005,galvanized round bar 16×670,Material,General,pair,86.26,86.26,86.26,86.26,1,KES,86.69,1.005,2,2,建筑工程,General installation works - Vol.4 Electrical equipment installation,,installation
010004,with reinforcing mesh,Material,Steel & Metal,kg,64.98,64.98,64.98,64.98,1,KES,64980.71,1000.0,2,2,建筑工程,concrete and reinforced concrete works,reinforcing steel works,
090962,lock,Material,General,unit,320.42,320.42,320.42,320.42,1,KES,483.83,1.51,2,2,建筑工程,other decoration works,,
100027,adhesive,Material,General,m,296.07,296.07,296.07,296.07,1,KES,304.95,1.03,2,2,建筑工程,floor finishing works,skirting,
120101,oxygen adhesive diameter 8 thickness 1.5,Material,Chemicals,m,81.39,81.39,81.39,81.39,1,KES,244.16,3.0,2,2,建筑工程,General installation works - Vol.11 Communication equipment and lines,,
300033,galvanized angle steel 75×75×6×2100,Material,Steel & Metal,pcs,1076.6,1076.6,1076.6,1076.6,1,KES,2159.67,2.006,2,2,建筑工程,General installation works - Vol.4 Electrical equipment installation,,installation
090967,stainless steel handrail,Material,Steel & Metal,pcs,5767.52,5767.52,5767.52,5767.52,1,KES,5767.52,1.0,2,2,建筑工程,other decoration works,,handrail
090488,stainless steel,Material,Steel & Metal,set,1153.5,1153.5,1153.5,1153.5,1,KES,1153.5,1.0,2,2,建筑工程,other decoration works,,
090975,frame,Material,General,set,5126.68,5126.68,5126.68,5126.68,1,KES,5126.68,1.0,2,2,建筑工程,other decoration works,,frame
090976,stainless steel frame,Material,Steel & Metal,set,1922.51,1922.51,1922.51,1922.51,1,KES,1922.51,1.0,2,2,建筑工程,other decoration works,,frame
090689,aluminium alloy mesh slab,Material,General,m2,1056.1,1056.1,1056.1,1056.1,1,KES,633.66,0.6,2,2,建筑工程,other decoration works,,metal
090401,aluminium alloy profile,Material,General,m,312.73,312.73,312.73,312.73,1,KES,1428.23,4.567,2,2,建筑工程,other decoration works,,metal
030075,timber surface,Material,Wood & Timber,m,889.48,889.48,889.48,889.48,1,KES,898.37,1.01,2,2,建筑工程,other decoration works,,facing panel
010159,steel 168×7,Material,Steel & Metal,m,2836.34,2836.34,2836.34,2836.34,1,KES,87.93,0.031,2,2,建筑工程,General installation works - Vol.4 Electrical equipment installation,,galvanized steel pipe
010158,steel 143×4.5,Material,Steel & Metal,m,1550.82,1550.82,1550.82,1550.82,1,KES,48.08,0.031,2,2,建筑工程,General installation works - Vol.4 Electrical equipment installation,,galvanized steel pipe
010157,steel 121×4,Material,Steel & Metal,m,1408.56,1408.56,1408.56,1408.56,1,KES,43.67,0.031,2,2,建筑工程,General installation works - Vol.4 Electrical equipment installation,,galvanized steel pipe
090172,ground bolt 25×250,Material,Fasteners,set,96.0,96.0,96.0,96.0,1,KES,988.77,10.3,2,2,建筑工程,"General installation works - Vol.10 Water supply, drainage, heating, gas",installation,
030074,timber slab,Material,Wood & Timber,m2,1061.22,1061.22,1061.22,1061.22,1,KES,488.16,0.46,2,2,建筑工程,other decoration works,,facing panel
080216,keel length,Material,General,pcs,15.25,15.25,15.25,15.25,1,KES,2.99,0.1963,2,2,建筑工程,ceiling works,ceiling suspended ceiling,ceiling keel
080053,V-shaped light-gauge steel keel VB20-1,Material,Steel & Metal,pcs,5.25,5.25,5.25,5.25,1,KES,7.22,1.3747,2,2,建筑工程,ceiling works,ceiling suspended ceiling,ceiling keel
840008,pile,Material,General,kg,53.32,53.32,53.32,53.32,1,KES,22.02,0.413,2,2,建筑工程,ground treatment and slope support,,
390169,slab,Material,General,m3,24351.75,24351.75,24351.75,24351.75,1,KES,24351.75,1.0,2,2,建筑工程,concrete and reinforced concrete works,precast concrete staircase,
390168,staircase tread,Material,General,m3,27341.88,27341.88,27341.88,27341.88,1,KES,27341.88,1.0,2,2,建筑工程,concrete and reinforced concrete works,precast concrete staircase,
010480,reinforcing steel (composite),Material,Steel & Metal,kg,44.86,44.86,44.86,44.86,1,KES,45307.06,1010.0,2,2,建筑工程,concrete and reinforced concrete works,reinforcing steel works,
080049,V-shaped light-gauge steel keel VB49-3,Material,Steel & Metal,pcs,7.56,7.56,7.56,7.56,1,KES,36.28,4.7975,2,2,建筑工程,ceiling works,ceiling suspended ceiling,ceiling keel
090483,stainless steel,Material,Steel & Metal,set,384.5,384.5,384.5,384.5,1,KES,384.5,1.0,2,2,建筑工程,other decoration works,,
100279,water stop adhesive strip 20×30,Material,Water,m,256.33,256.33,256.33,256.33,1,KES,746.06,2.9105,2,2,建筑工程,roofing and waterproofing works,"basement and floor waterproofing, moisture-proofing",floor mortar waterproofing
100277,water stop adhesive strip 10×10,Material,Water,m,102.53,102.53,102.53,102.53,1,KES,139.39,1.3595,2,2,建筑工程,roofing and waterproofing works,"basement and floor waterproofing, moisture-proofing",floor mortar waterproofing
080164,aluminium alloy strip slab 100mm width,Material,General,m2,615.2,615.2,615.2,615.2,1,KES,1196.94,1.9456,2,2,建筑工程,"wall and column finishes, partitions and curtain walls",partition,metal partition
080041,V type light-gauge steel keel VB49×19,Material,Steel & Metal,m,52.93,52.93,52.93,52.93,1,KES,192.97,3.6455,2,2,建筑工程,ceiling works,ceiling suspended ceiling,ceiling keel
090380,stainless steel frame,Material,Steel & Metal,set,589.57,589.57,589.57,589.57,1,KES,589.57,1.0,2,2,建筑工程,other decoration works,,
090448,frame,Material,General,set,769.0,769.0,769.0,769.0,1,KES,769.0,1.0,2,2,建筑工程,other decoration works,,
310036,and bolt WX-01,Material,Fasteners,set,108.04,108.04,108.04,108.04,1,KES,111.29,1.03,2,2,建筑工程,General installation works - Vol.4 Electrical equipment installation,"moulding and fabrication, installation",
090156,bolt 16×250,Material,Fasteners,set,153.8,153.8,153.8,153.8,1,KES,156.88,1.02,2,2,建筑工程,General installation works - Vol.4 Electrical equipment installation,"moulding and fabrication, installation",Moulding and steel fabrication installation
090155,bolt 14×270,Material,Fasteners,set,126.76,126.76,126.76,126.76,1,KES,129.29,1.02,2,2,建筑工程,General installation works - Vol.4 Electrical equipment installation,"moulding and fabrication, installation",
150196,stone 2.5,Material,General,m2,333.23,333.23,333.23,333.23,1,KES,183.28,0.55,2,2,建筑工程,General installation works - Vol.4 Electrical equipment installation,electricity dry,
350067,moulding BX-16,Material,General,m,139.7,139.7,139.7,139.7,1,KES,3213.15,23.0,2,2,建筑工程,General installation works - Vol.4 Electrical equipment installation,electricity dry,
850139,composite height CZS,Equipment,General,machine-shift,1002.27,1002.27,1002.27,1002.27,1,KES,2255.1,2.25,2,2,建筑工程,General installation works - Vol.4 Electrical equipment installation,electricity,height electricity
850008,HP-54512B,Equipment,General,machine-shift,2732.52,2732.52,2732.52,2732.52,1,KES,31424.0,11.5,2,2,建筑工程,General installation works - Vol.4 Electrical equipment installation,electricity,height electricity
010147,steel slab 6,Material,Steel & Metal,kg,95.48,95.48,95.48,95.48,1,KES,397.22,4.16,2,2,建筑工程,General installation works - Vol.4 Electrical equipment installation,,installation
090974,stainless steel handrail,Material,Steel & Metal,pcs,2691.51,2691.51,2691.51,2691.51,1,KES,2691.51,1.0,2,2,建筑工程,other decoration works,,handrail
150187,electricity,Material,General,set,1025336.64,1025336.64,1025336.64,1025336.64,1,KES,1025336.64,1.0,2,2,建筑工程,other decoration works,,metal
300072,steel pipe,Material,Steel & Metal,pcs,1388.05,1388.05,1388.05,1388.05,1,KES,1388.05,1.0,2,2,建筑工程,General installation works - Vol.4 Electrical equipment installation,,fabrication
390170,concrete slab 550×250×30,Material,Concrete & Cement,pcs,62.42,62.42,62.42,62.42,1,KES,134.82,2.16,2,2,建筑工程,General installation works - Vol.4 Electrical equipment installation,"electricity laying, slab (brick) and slab",
280542,electricity with,Material,General,m,102.53,102.53,102.53,102.53,1,KES,107.66,1.05,2,2,建筑工程,General installation works - Vol.4 Electrical equipment installation,"electricity laying, slab (brick) and slab",
180215,galvanized steel pipe splice () 100,Material,Steel & Metal,pcs,343.49,343.49,343.49,343.49,1,KES,150.1,0.437,2,2,建筑工程,General installation works - Vol.9 Fire protection,,
180009,galvanized 25,Material,General,pcs,21.28,21.28,21.28,21.28,1,KES,17.13,0.805,2,2,建筑工程,General installation works - Vol.7 Ventilation and air conditioning,,
080752,composite keel,Material,General,m3,29478.43,29478.43,29478.43,29478.43,1,KES,97.28,0.0033,2,2,建筑工程,"wall and column finishes, partitions and curtain walls",wall facing,wall surface decorative slab
080751,angle steel 75×50×5,Material,Steel & Metal,kg,58.96,58.96,58.96,58.96,1,KES,63.14,1.0709,2,2,建筑工程,"wall and column finishes, partitions and curtain walls",wall facing,wall surface decorative slab
080750,angle steel keel 50×50×4,Material,Steel & Metal,kg,58.96,58.96,58.96,58.96,1,KES,265.11,4.4967,2,2,建筑工程,"wall and column finishes, partitions and curtain walls",wall facing,wall surface decorative slab
080749,aluminium alloy horizontal keel U type 60×30,Material,General,m,68.44,68.44,68.44,68.44,1,KES,217.8,3.1823,2,2,建筑工程,"wall and column finishes, partitions and curtain walls",wall facing,wall surface decorative slab
080224,timber decorative slab,Material,Wood & Timber,m2,2563.34,2563.34,2563.34,2563.34,1,KES,2742.78,1.07,2,2,建筑工程,"wall and column finishes, partitions and curtain walls",wall facing,wall surface decorative slab
810175,poly cement perlite mortar,Material,Concrete & Cement,m3,8330.86,8330.86,8330.86,8330.86,1,KES,296.58,0.0356,2,2,建筑工程,Thermal insulation and anti-corrosion works,,
390131,special-shaped column,Material,General,m3,34605.11,34605.11,34605.11,34605.11,1,KES,34605.11,1.0,2,2,建筑工程,concrete and reinforced concrete works,precast concrete column,
850221,moulding XJ-02,Equipment,General,machine-shift,692.74,692.74,692.74,692.74,1,KES,883.25,1.275,2,2,建筑工程,General installation works - Vol.6 Automation control instrumentation,mesh and,mesh
120155,steel plate,Material,Steel & Metal,m2,5126.68,5126.68,5126.68,5126.68,1,KES,10766.03,2.1,2,2,建筑工程,"wall and column finishes, partitions and curtain walls",partition,metal partition
170099,glass steel 50,Material,Steel & Metal,pcs,74.34,74.34,74.34,74.34,1,KES,75.08,1.01,2,2,建筑工程,roofing and waterproofing works,Roof waterproofing and sundries,roof water
170098,glass steel 90° 50,Material,Steel & Metal,pcs,62.03,62.03,62.03,62.03,1,KES,62.65,1.01,2,2,建筑工程,roofing and waterproofing works,Roof waterproofing and sundries,roof water
080046,V-shaped light-gauge steel keel VB49-L,Material,Steel & Metal,pcs,8.84,8.84,8.84,8.84,1,KES,2.98,0.3367,2,2,建筑工程,ceiling works,ceiling suspended ceiling,ceiling keel
080045,V-shaped light-gauge steel keel VL25×20,Material,Steel & Metal,m,45.88,45.88,45.88,45.88,1,KES,32.43,0.7067,2,2,建筑工程,ceiling works,ceiling suspended ceiling,ceiling keel
080044,V-shaped light-gauge steel keel VB20×37,Material,Steel & Metal,m,35.25,35.25,35.25,35.25,1,KES,43.59,1.2367,2,2,建筑工程,ceiling works,ceiling suspended ceiling,ceiling keel
280199,metal BP-101,Material,Steel & Metal,pcs,68.18,68.18,68.18,68.18,1,KES,140.46,2.06,2,2,建筑工程,General installation works - Vol.4 Electrical equipment installation,,
280434,moulding 101,Material,General,pcs,1062.51,1062.51,1062.51,1062.51,1,KES,2188.76,2.06,2,2,建筑工程,General installation works - Vol.4 Electrical equipment installation,,
280197,metal BP-76,Material,Steel & Metal,pcs,47.55,47.55,47.55,47.55,1,KES,97.95,2.06,2,2,建筑工程,General installation works - Vol.4 Electrical equipment installation,,
280432,moulding 76,Material,General,pcs,557.53,557.53,557.53,557.53,1,KES,1148.51,2.06,2,2,建筑工程,General installation works - Vol.4 Electrical equipment installation,,
280195,metal BP-50,Material,Steel & Metal,pcs,26.53,26.53,26.53,26.53,1,KES,54.65,2.06,2,2,建筑工程,General installation works - Vol.4 Electrical equipment installation,,
280430,moulding 50,Material,General,pcs,249.93,249.93,249.93,249.93,1,KES,514.85,2.06,2,2,建筑工程,General installation works - Vol.4 Electrical equipment installation,,
370203,steel partition,Material,Steel & Metal,m2,3845.01,3845.01,3845.01,3845.01,1,KES,3921.91,1.02,2,2,建筑工程,"wall and column finishes, partitions and curtain walls",partition,partition
370202,steel partition,Material,Steel & Metal,m2,5767.52,5767.52,5767.52,5767.52,1,KES,5882.87,1.02,2,2,建筑工程,"wall and column finishes, partitions and curtain walls",partition,partition
390126,moulding slab,Material,General,m3,18353.53,18353.53,18353.53,18353.53,1,KES,18353.53,1.0,2,2,建筑工程,concrete and reinforced concrete works,precast concrete slab,
390125,mesh formwork slab,Material,General,m3,19481.4,19481.4,19481.4,19481.4,1,KES,19481.4,1.0,2,2,建筑工程,concrete and reinforced concrete works,precast concrete slab,
010577,hot-dip galvanized section steel,Material,Steel & Metal,kg,72.41,72.41,72.41,72.41,1,KES,76759.26,1060.0,2,2,建筑工程,"wall and column finishes, partitions and curtain walls",wall facing,wall surface decorative slab
010394,stainless steel profile,Material,Steel & Metal,kg,320.42,320.42,320.42,320.42,1,KES,339642.76,1060.0,2,2,建筑工程,"wall and column finishes, partitions and curtain walls",wall facing,wall surface decorative slab
010532,ordinary steel plate 0 3 8 20,Material,Steel & Metal,kg,65.62,65.62,65.62,65.62,1,KES,13.12,0.2,2,2,建筑工程,General installation works - Vol.9 Fire protection,,
091441,steel welding rod,Material,Steel & Metal,kg,256.33,256.33,256.33,256.33,1,KES,42.3,0.165,2,2,建筑工程,General installation works - Vol.9 Fire protection,,
010168,no steel pipe 22×2.5,Material,Steel & Metal,m,109.71,109.71,109.71,109.71,1,KES,1.1,0.01,2,2,建筑工程,General installation works - Vol.9 Fire protection,,
090102,with bolt 12×(40 60),Material,Fasteners,set,6.92,6.92,6.92,6.92,1,KES,28.51,4.12,2,2,建筑工程,General installation works - Vol.9 Fire protection,fabrication installation,waterproofing fabrication
030055,timber surface slab,Material,Wood & Timber,m2,576.75,576.75,576.75,576.75,1,KES,1384.2,2.4,2,2,建筑工程,"wall and column finishes, partitions and curtain walls",partition,finished product partition
800181,electricity winch (single) 3t,Equipment,Hoists,machine-shift,1372.67,1372.67,1372.67,1372.67,1,KES,137.27,0.1,2,2,建筑工程,General installation works - Vol.4 Electrical equipment installation,electricity installation,
150058,with glass,Equipment,General,pcs,108.69,108.69,108.69,108.69,1,KES,108.69,1.0,2,2,建筑工程,other decoration works,,
010362,galvanized steel pipe (composite),Material,Steel & Metal,kg,61.52,61.52,61.52,61.52,1,KES,31.99,0.52,2,2,建筑工程,General installation works - Vol.7 Ventilation and air conditioning,,
050017,glass mirror (5mm),Material,Glass,m2,961.25,961.25,961.25,961.25,1,KES,1439.0,1.497,2,2,建筑工程,other decoration works,,mirror finish glass
030128,plywood 18mm,Material,Wood & Timber,m2,487.03,487.03,487.03,487.03,1,KES,2258.14,4.6365,2,2,建筑工程,other decoration works,,
030133,height 500mm,Material,General,m,7049.19,7049.19,7049.19,7049.19,1,KES,7049.19,1.0,2,2,建筑工程,other decoration works,,
070126,round moulding,Material,General,m,25.63,25.63,25.63,25.63,1,KES,77.35,3.0175,2,2,建筑工程,other decoration works,,
070125,timber moulding,Material,Wood & Timber,m,44.86,44.86,44.86,44.86,1,KES,137.24,3.0595,2,2,建筑工程,other decoration works,,
370148,door,Material,General,m2,9997.03,9997.03,9997.03,9997.03,1,KES,9997.03,1.0,2,2,建筑工程,door and window works,metal door,
060052,grinding granite,Material,General,m2,2819.68,2819.68,2819.68,2819.68,1,KES,3191.87,1.132,2,2,建筑工程,floor finishing works,decorative,
060018,special-shaped granite slab,Material,General,m2,4574.28,4574.28,4574.28,4574.28,1,KES,5436.99,1.1886,2,2,建筑工程,floor finishing works,decorative,
120018,3 5 thickness,Material,General,m2,53.83,53.83,53.83,53.83,1,KES,54.37,1.01,2,2,建筑工程,floor finishing works,finish layer,timber ground slab
030023,composite timber ground slab,Material,Wood & Timber,m2,1159.91,1159.91,1159.91,1159.91,1,KES,1217.91,1.05,2,2,建筑工程,floor finishing works,finish layer,timber ground slab
800159,bench grinder,Equipment,General,machine-shift,14.48,14.48,14.48,14.48,1,KES,4.21,0.291,2,2,建筑工程,metal-structure works,metal bonding structural on-site and other items,
280364,metal ground 101,Material,Steel & Metal,pcs,111.12,111.12,111.12,111.12,1,KES,114.45,1.03,2,2,建筑工程,General installation works - Vol.4 Electrical equipment installation,,
020106,special-shaped block,Material,General,m3,5383.02,5383.02,5383.02,5383.02,1,KES,898.96,0.167,2,2,建筑工程,Masonry works,block masonry,
110168,sealant KS type,Material,Rubber,kg,197.38,197.38,197.38,197.38,1,KES,14.8,0.075,2,2,建筑工程,General installation works - Vol.7 Ventilation and air conditioning,,fabrication installation
090094,with bolt 8×(16 25),Material,Fasteners,set,2.31,2.31,2.31,2.31,1,KES,12.77,5.535,2,2,建筑工程,General installation works - Vol.7 Ventilation and air conditioning,,"steel plate installation (3mm thickness, welding)"
110076,double A poly,Material,General,kg,539.58,539.58,539.58,539.58,1,KES,196.68,0.3645,2,2,建筑工程,Thermal insulation and anti-corrosion works,anti-corrosion,separation layer
030020,timber skirting board,Material,Wood & Timber,m,316.57,316.57,316.57,316.57,1,KES,373.56,1.18,2,2,建筑工程,floor finishing works,staircase finish layer,
060014,marble tread slab,Material,General,m2,4250.02,4250.02,4250.02,4250.02,1,KES,6149.78,1.447,2,2,建筑工程,floor finishing works,staircase finish layer,
800530,with single excavator 0.3m3,Equipment,Excavators,machine-shift,4904.95,4904.95,4904.95,4904.95,1,KES,84.36,0.0172,2,2,建筑工程,earthwork and rock works,,excavating general earthwork
100197,bitumen,Material,Waterproofing,kg,84.33,84.33,84.33,84.33,1,KES,15.43,0.183,2,2,建筑工程,"General installation works - Vol.12 Painting, anti-corrosion, thermal insulation",,
110025,phenolic paint,Material,Paint & Coatings,kg,294.78,294.78,294.78,294.78,1,KES,20.05,0.068,2,2,建筑工程,"General installation works - Vol.12 Painting, anti-corrosion, thermal insulation",rectangular brushing,
110092,thinner,Material,General,kg,367.84,367.84,367.84,367.84,1,KES,12.87,0.035,2,2,建筑工程,"General installation works - Vol.12 Painting, anti-corrosion, thermal insulation",rectangular brushing,
110319,primer,Material,Paint & Coatings,kg,370.4,370.4,370.4,370.4,1,KES,38.15,0.103,2,2,建筑工程,"General installation works - Vol.12 Painting, anti-corrosion, thermal insulation",rectangular brushing,
090167,ground bolt 12×150,Material,Fasteners,set,12.94,12.94,12.94,12.94,1,KES,66.54,5.14,2,2,建筑工程,General installation works - Vol.4 Electrical equipment installation,installation,mixed () installation
370147,steel door,Material,Steel & Metal,m2,9612.53,9612.53,9612.53,9612.53,1,KES,9612.53,1.0,2,2,建筑工程,door and window works,metal door,
091473,expansion bolt,Material,Fasteners,set,2.56,2.56,2.56,2.56,1,KES,8.61,3.36,2,2,建筑工程,roofing and waterproofing works,"wall surface waterproofing, moisture-proofing",wall surface membrane waterproofing
120123,height poly waterproofing membrane (self-adhesive) 1.2mm thickness,Material,Waterproofing,m2,692.1,692.1,692.1,692.1,1,KES,824.29,1.191,2,2,建筑工程,roofing and waterproofing works,"wall surface waterproofing, moisture-proofing",wall surface membrane waterproofing
100392,poly waterproofing membrane 0.6mm thickness,Material,Waterproofing,m2,153.8,153.8,153.8,153.8,1,KES,183.18,1.191,2,2,建筑工程,roofing and waterproofing works,"wall surface waterproofing, moisture-proofing",wall surface membrane waterproofing
280043,metal 50,Material,Steel & Metal,pcs,9.23,9.23,9.23,9.23,1,KES,19.14,2.074,2,2,建筑工程,General installation works - Vol.4 Electrical equipment installation,,
280082,metal 50,Material,Steel & Metal,m,165.34,165.34,165.34,165.34,1,KES,170.3,1.03,2,2,建筑工程,General installation works - Vol.4 Electrical equipment installation,,
280042,metal 40,Material,Steel & Metal,pcs,7.95,7.95,7.95,7.95,1,KES,16.48,2.074,2,2,建筑工程,General installation works - Vol.4 Electrical equipment installation,,
290228,galvanized slab moulding fixing,Material,General,pcs,38.45,38.45,38.45,38.45,1,KES,39.6,1.03,2,2,建筑工程,General installation works - Vol.4 Electrical equipment installation,moulding installation,
280076,moulding 1500,Material,General,pcs,615.2,615.2,615.2,615.2,1,KES,615.2,1.0,2,2,建筑工程,General installation works - Vol.4 Electrical equipment installation,moulding installation,
280074,moulding 300,Material,General,pcs,281.97,281.97,281.97,281.97,1,KES,281.97,1.0,2,2,建筑工程,General installation works - Vol.4 Electrical equipment installation,moulding installation,
280422,metal SP-101,Material,Steel & Metal,pcs,60.24,60.24,60.24,60.24,1,KES,124.93,2.074,2,2,建筑工程,General installation works - Vol.4 Electrical equipment installation,,
280421,metal SP-83,Material,Steel & Metal,pcs,46.4,46.4,46.4,46.4,1,KES,96.23,2.074,2,2,建筑工程,General installation works - Vol.4 Electrical equipment installation,,
280186,metal 83,Material,Steel & Metal,m,1586.71,1586.71,1586.71,1586.71,1,KES,1713.65,1.08,2,2,建筑工程,General installation works - Vol.4 Electrical equipment installation,,
280420,metal SP-76,Material,Steel & Metal,pcs,37.55,37.55,37.55,37.55,1,KES,77.89,2.074,2,2,建筑工程,General installation works - Vol.4 Electrical equipment installation,,
280419,metal SP-63,Material,Steel & Metal,pcs,27.3,27.3,27.3,27.3,1,KES,56.62,2.074,2,2,建筑工程,General installation works - Vol.4 Electrical equipment installation,,
110484,paint,Material,Paint & Coatings,kg,358.87,358.87,358.87,358.87,1,KES,79.96,0.2228,2,2,建筑工程,"painting, coating and wallpapering works",metal surface paint,metal surface paint
370242,steel door electrics,Material,Steel & Metal,set,115350.37,115350.37,115350.37,115350.37,1,KES,115350.37,1.0,2,2,建筑工程,door and window works,hardware installation,
370241,steel door electrics,Material,Steel & Metal,set,153800.5,153800.5,153800.5,153800.5,1,KES,153800.5,1.0,2,2,建筑工程,door and window works,hardware installation,
020108,plastering special-shaped block,Material,General,m3,6408.35,6408.35,6408.35,6408.35,1,KES,1217.59,0.19,2,2,建筑工程,Masonry works,block masonry,
020107,plastering block,Material,General,m3,6280.19,6280.19,6280.19,6280.19,1,KES,5080.67,0.809,2,2,建筑工程,Masonry works,block masonry,
310095,575×150,Material,General,pcs,410.13,410.13,410.13,410.13,1,KES,820.27,2.0,1,1,建筑工程,"General installation works - Vol.12 Painting, anti-corrosion, thermal insulation",,electricity fabrication installation
120076,mesh 60,Material,General,m2,29.22,29.22,29.22,29.22,1,KES,0.5,0.017,1,1,建筑工程,"General installation works - Vol.12 Painting, anti-corrosion, thermal insulation",,
010126,aluminium slab 0.5,Material,General,m2,310.16,310.16,310.16,310.16,1,KES,372.2,1.2,1,1,建筑工程,"General installation works - Vol.12 Painting, anti-corrosion, thermal insulation",,
020084,cement mortar slab,Material,Concrete & Cement,m,757.47,757.47,757.47,757.47,1,KES,787.77,1.04,1,1,建筑工程,Masonry works,block masonry,
150260,200×200,Material,General,pcs,1538.0,1538.0,1538.0,1538.0,1,KES,569.06,0.37,1,1,建筑工程,Masonry works,block masonry,
180012,galvanized 50,Material,General,pcs,64.08,64.08,64.08,64.08,1,KES,64.08,1.0,1,1,建筑工程,General installation works - Vol.7 Ventilation and air conditioning,,fabrication installation
180006,galvanized 50,Material,General,pcs,51.27,51.27,51.27,51.27,1,KES,51.78,1.01,1,1,建筑工程,General installation works - Vol.7 Ventilation and air conditioning,,fabrication installation
800029,ordinary 630,Equipment,General,machine-shift,1496.99,1496.99,1496.99,1496.99,1,KES,74.85,0.05,1,1,建筑工程,General installation works - Vol.7 Ventilation and air conditioning,,fabrication installation
800438,30kW,Equipment,General,machine-shift,207.63,207.63,207.63,207.63,1,KES,0.21,0.001,1,1,建筑工程,General installation works - Vol.7 Ventilation and air conditioning,,
090507,ground bolt 10×100,Material,Fasteners,set,7.56,7.56,7.56,7.56,1,KES,31.46,4.16,1,1,建筑工程,General installation works - Vol.7 Ventilation and air conditioning,,bracket fabrication installation
090190,8,Material,General,pcs,12.56,12.56,12.56,12.56,1,KES,50.24,4.0,1,1,建筑工程,General installation works - Vol.7 Ventilation and air conditioning,,bracket fabrication installation
030227,paint surface slab,Material,Paint & Coatings,m2,1217.59,1217.59,1217.59,1217.59,1,KES,7868.05,6.462,1,1,建筑工程,other decoration works,,frame
070132,timber moulding 10×30,Material,Wood & Timber,m,64.08,64.08,64.08,64.08,1,KES,292.22,4.56,1,1,建筑工程,other decoration works,,
070131,timber moulding 10×20,Material,Wood & Timber,m,25.63,25.63,25.63,25.63,1,KES,608.64,23.744,1,1,建筑工程,other decoration works,,
070123,timber moulding 10×20,Material,Wood & Timber,m,57.68,57.68,57.68,57.68,1,KES,752.68,13.0504,1,1,建筑工程,other decoration works,,
050035,glass,Material,Glass,m2,2563.34,2563.34,2563.34,2563.34,1,KES,1796.13,0.7007,1,1,建筑工程,other decoration works,,
090964,stainless steel diameter 100,Material,Steel & Metal,pcs,448.58,448.58,448.58,448.58,1,KES,1509.94,3.366,1,1,建筑工程,other decoration works,,
090963,stainless steel diameter 50,Material,Steel & Metal,pcs,128.17,128.17,128.17,128.17,1,KES,431.41,3.366,1,1,建筑工程,other decoration works,,
090957,stainless steel 60,Material,Steel & Metal,m,640.84,640.84,640.84,640.84,1,KES,1278.02,1.9943,1,1,建筑工程,other decoration works,,
030129,square timber 25×35,Material,Wood & Timber,m,46.14,46.14,46.14,46.14,1,KES,1502.83,32.571,1,1,建筑工程,other decoration works,,
080163,aluminium slab,Material,General,m2,999.7,999.7,999.7,999.7,1,KES,2575.24,2.576,1,1,建筑工程,other decoration works,,
290084,electricity frame nail M16,Material,Fasteners,set,108.69,108.69,108.69,108.69,1,KES,110.86,1.02,1,1,建筑工程,General installation works - Vol.11 Communication equipment and lines,moulding frame,
850041,AV33119,Equipment,General,machine-shift,2278.94,2278.94,2278.94,2278.94,1,KES,68.37,0.03,1,1,建筑工程,General installation works - Vol.11 Communication equipment and lines,,
330033,additional,Material,General,pcs,19.23,19.23,19.23,19.23,1,KES,28.84,1.5,1,1,建筑工程,General installation works - Vol.11 Communication equipment and lines,,
120053,slab,Material,General,m2,1025.34,1025.34,1025.34,1025.34,1,KES,1127.87,1.1,1,1,建筑工程,roofing and waterproofing works,,slab roof
100162,P type adhesive strip,Material,General,m,49.86,49.86,49.86,49.86,1,KES,150.21,3.0128,1,1,建筑工程,roofing and waterproofing works,,slab roof
090413,stainless steel 50×50,Material,Steel & Metal,m,38.58,38.58,38.58,38.58,1,KES,57.01,1.4777,1,1,建筑工程,roofing and waterproofing works,,slab roof
180246,welding steel pipe splice () 70,Material,Steel & Metal,pcs,91.9,91.9,91.9,91.9,1,KES,23.25,0.253,1,1,建筑工程,"General installation works - Vol.10 Water supply, drainage, heating, gas",welding steel pipe,welding steel pipe ()
180237,galvanized steel pipe splice () 100,Material,Steel & Metal,pcs,279.4,279.4,279.4,279.4,1,KES,65.66,0.235,1,1,建筑工程,"General installation works - Vol.10 Water supply, drainage, heating, gas",,
180236,galvanized steel pipe splice () 80,Material,Steel & Metal,pcs,179.43,179.43,179.43,179.43,1,KES,44.68,0.249,1,1,建筑工程,"General installation works - Vol.10 Water supply, drainage, heating, gas",,
180235,galvanized steel pipe splice () 70,Material,Steel & Metal,pcs,114.84,114.84,114.84,114.84,1,KES,29.05,0.253,1,1,建筑工程,"General installation works - Vol.10 Water supply, drainage, heating, gas",,
350298,moulding ZR-BV1.5,Material,General,m,14.74,14.74,14.74,14.74,1,KES,6.75,0.458,1,1,建筑工程,General installation works - Vol.9 Fire protection,installation,
091232,galvanized timber nail,Material,Wood & Timber,pcs,6.41,6.41,6.41,6.41,1,KES,13.07,2.04,1,1,建筑工程,General installation works - Vol.9 Fire protection,,
850151,additional,Equipment,General,machine-shift,73.7,73.7,73.7,73.7,1,KES,2.21,0.03,1,1,建筑工程,General installation works - Vol.9 Fire protection,,
400035,flat mortar DSLF,Material,Concrete & Cement,m3,71777.41,71777.41,71777.41,71777.41,1,KES,1449.9,0.0202,1,1,建筑工程,floor finishing works,,levelling layer
800220,60MPa,Equipment,General,machine-shift,199.94,199.94,199.94,199.94,1,KES,7.2,0.036,1,1,建筑工程,General installation works - Vol.9 Fire protection,,
030009,slab,Material,General,m2,448.58,448.58,448.58,448.58,1,KES,395.2,0.881,1,1,建筑工程,"wall and column finishes, partitions and curtain walls",column (beam) facing,column (beam) surface decorative
850043,FTA410,Equipment,General,machine-shift,1766.14,1766.14,1766.14,1766.14,1,KES,141.29,0.08,1,1,建筑工程,General installation works - Vol.5 Building intelligence systems,,
850105,electricity,Equipment,General,machine-shift,394.75,394.75,394.75,394.75,1,KES,197.38,0.5,1,1,建筑工程,General installation works - Vol.4 Electrical equipment installation,moulding,
080747,aluminium alloy horizontal keel 40×40×4,Material,General,kg,358.87,358.87,358.87,358.87,1,KES,1609.52,4.485,1,1,建筑工程,"wall and column finishes, partitions and curtain walls",wall facing,wall surface decorative slab
060080,paint facing panel,Material,Paint & Coatings,m2,1409.84,1409.84,1409.84,1409.84,1,KES,1438.03,1.02,1,1,建筑工程,"wall and column finishes, partitions and curtain walls",wall facing,wall surface decorative slab
120029,sealing,Material,Rubber,pcs,0.38,0.38,0.38,0.38,1,KES,1.6,4.16,1,1,建筑工程,General installation works - Vol.7 Ventilation and air conditioning,installation,
091459,timber 50×50×50,Material,Wood & Timber,pcs,15.38,15.38,15.38,15.38,1,KES,61.52,4.0,1,1,建筑工程,General installation works - Vol.7 Ventilation and air conditioning,and installation,installation
160111,100,Material,General,pcs,333.23,333.23,333.23,333.23,1,KES,7.33,0.022,1,1,建筑工程,"General installation works - Vol.10 Water supply, drainage, heating, gas",,
160110,75,Material,General,pcs,281.97,281.97,281.97,281.97,1,KES,6.2,0.022,1,1,建筑工程,"General installation works - Vol.10 Water supply, drainage, heating, gas",,
850104,electricity,Equipment,General,machine-shift,100.23,100.23,100.23,100.23,1,KES,150.34,1.5,1,1,建筑工程,General installation works - Vol.4 Electrical equipment installation,,
850106,electricity electricity (),Equipment,General,machine-shift,360.15,360.15,360.15,360.15,1,KES,720.3,2.0,1,1,建筑工程,General installation works - Vol.4 Electrical equipment installation,,
850131,composite HDBS-50,Equipment,General,machine-shift,399.88,399.88,399.88,399.88,1,KES,159.95,0.4,1,1,建筑工程,General installation works - Vol.4 Electrical equipment installation,electricity,"10kV, single"
140012,reinforced concrete 800,Material,Concrete & Cement,m,2139.11,2139.11,2139.11,2139.11,1,KES,2139.11,1.0,1,1,建筑工程,General installation works - Vol.4 Electrical equipment installation,pit,pit
810001,M10 cement mortar,Material,Concrete & Cement,m3,3174.7,3174.7,3174.7,3174.7,1,KES,698.43,0.22,1,1,建筑工程,General installation works - Vol.4 Electrical equipment installation,pit,pit
160125,tread (),Material,General,pcs,772.85,772.85,772.85,772.85,1,KES,2318.54,3.0,1,1,建筑工程,General installation works - Vol.4 Electrical equipment installation,pit,pit
280551,CPVC 160,Material,General,m,538.3,538.3,538.3,538.3,1,KES,565.22,1.05,1,1,建筑工程,General installation works - Vol.4 Electrical equipment installation,,CPVC
280550,CPVC 140,Material,General,m,410.13,410.13,410.13,410.13,1,KES,430.64,1.05,1,1,建筑工程,General installation works - Vol.4 Electrical equipment installation,,CPVC
160218,adhesive 100,Material,General,pcs,116.25,116.25,116.25,116.25,1,KES,19.76,0.17,1,1,建筑工程,"General installation works - Vol.10 Water supply, drainage, heating, gas",,
160231,100,Material,General,m,1645.67,1645.67,1645.67,1645.67,1,KES,1645.67,1.0,1,1,建筑工程,"General installation works - Vol.10 Water supply, drainage, heating, gas",,
160217,adhesive 75,Material,General,pcs,107.66,107.66,107.66,107.66,1,KES,18.3,0.17,1,1,建筑工程,"General installation works - Vol.10 Water supply, drainage, heating, gas",,
160230,75,Material,General,m,1422.65,1422.65,1422.65,1422.65,1,KES,1422.65,1.0,1,1,建筑工程,"General installation works - Vol.10 Water supply, drainage, heating, gas",,
180248,welding steel pipe splice () 100,Material,Steel & Metal,pcs,228.14,228.14,228.14,228.14,1,KES,53.61,0.235,1,1,建筑工程,"General installation works - Vol.10 Water supply, drainage, heating, gas",welding steel pipe,welding steel pipe ()
180247,welding steel pipe splice () 80,Material,Steel & Metal,pcs,139.7,139.7,139.7,139.7,1,KES,34.79,0.249,1,1,建筑工程,"General installation works - Vol.10 Water supply, drainage, heating, gas",welding steel pipe,welding steel pipe ()
160077,water splice () 200,Material,Water,pcs,856.16,856.16,856.16,856.16,1,KES,416.95,0.487,1,1,建筑工程,"General installation works - Vol.10 Water supply, drainage, heating, gas",,
160051,water 200,Material,Water,m,1136.84,1136.84,1136.84,1136.84,1,KES,1114.11,0.98,1,1,建筑工程,"General installation works - Vol.10 Water supply, drainage, heating, gas",,
160113,150,Material,General,pcs,422.95,422.95,422.95,422.95,1,KES,23.69,0.056,1,1,建筑工程,"General installation works - Vol.10 Water supply, drainage, heating, gas",,
160076,water splice () 150,Material,Water,pcs,551.12,551.12,551.12,551.12,1,KES,392.95,0.713,1,1,建筑工程,"General installation works - Vol.10 Water supply, drainage, heating, gas",,
160050,water 150,Material,Water,m,710.05,710.05,710.05,710.05,1,KES,681.64,0.96,1,1,建筑工程,"General installation works - Vol.10 Water supply, drainage, heating, gas",,
160049,125,Material,Water,m,549.84,549.84,549.84,549.84,1,KES,527.84,0.96,1,1,建筑工程,"General installation works - Vol.10 Water supply, drainage, heating, gas",,
160048,water 100,Material,Water,m,417.82,417.82,417.82,417.82,1,KES,367.69,0.88,1,1,建筑工程,"General installation works - Vol.10 Water supply, drainage, heating, gas",,
160047,water 75,Material,Water,m,320.42,320.42,320.42,320.42,1,KES,294.78,0.92,1,1,建筑工程,"General installation works - Vol.10 Water supply, drainage, heating, gas",,
160046,water 50,Material,Water,m,274.28,274.28,274.28,274.28,1,KES,257.82,0.94,1,1,建筑工程,"General installation works - Vol.10 Water supply, drainage, heating, gas",,
180226,welding steel pipe splice () 100,Material,Steel & Metal,pcs,269.15,269.15,269.15,269.15,1,KES,113.58,0.422,1,1,建筑工程,"General installation works - Vol.10 Water supply, drainage, heating, gas",welding steel pipe,welding steel pipe ()
180225,welding steel pipe splice () 80,Material,Steel & Metal,pcs,156.36,156.36,156.36,156.36,1,KES,65.36,0.418,1,1,建筑工程,"General installation works - Vol.10 Water supply, drainage, heating, gas",welding steel pipe,welding steel pipe ()
180224,welding steel pipe splice () 70,Material,Steel & Metal,pcs,107.02,107.02,107.02,107.02,1,KES,60.36,0.564,1,1,建筑工程,"General installation works - Vol.10 Water supply, drainage, heating, gas",welding steel pipe,welding steel pipe ()
180214,galvanized steel pipe splice () 80,Material,Steel & Metal,pcs,194.81,194.81,194.81,194.81,1,KES,78.7,0.404,1,1,建筑工程,"General installation works - Vol.10 Water supply, drainage, heating, gas",,
180213,galvanized steel pipe splice () 70,Material,Steel & Metal,pcs,146.11,146.11,146.11,146.11,1,KES,77.88,0.533,1,1,建筑工程,"General installation works - Vol.10 Water supply, drainage, heating, gas",,
170231,composite 125,Material,General,m,3627.13,3627.13,3627.13,3627.13,1,KES,3681.54,1.015,1,1,建筑工程,"General installation works - Vol.10 Water supply, drainage, heating, gas",steel composite (),
160112,125,Material,General,pcs,371.68,371.68,371.68,371.68,1,KES,8.18,0.022,1,1,建筑工程,"General installation works - Vol.10 Water supply, drainage, heating, gas",,
160101,water 150,Material,Water,m,1495.71,1495.71,1495.71,1495.71,1,KES,1435.88,0.96,1,1,建筑工程,"General installation works - Vol.10 Water supply, drainage, heating, gas",,A type water ()
160082,water splice () 125,Material,Water,pcs,751.06,751.06,751.06,751.06,1,KES,625.63,0.833,1,1,建筑工程,"General installation works - Vol.10 Water supply, drainage, heating, gas",,A type water ()
160100,125,Material,Water,m,1291.92,1291.92,1291.92,1291.92,1,KES,1240.25,0.96,1,1,建筑工程,"General installation works - Vol.10 Water supply, drainage, heating, gas",,A type water ()
160105,water 100,Material,Water,pcs,76.26,76.26,76.26,76.26,1,KES,222.22,2.914,1,1,建筑工程,"General installation works - Vol.10 Water supply, drainage, heating, gas",,A type water ()
160081,water splice () 100,Material,Water,pcs,452.43,452.43,452.43,452.43,1,KES,603.09,1.333,1,1,建筑工程,"General installation works - Vol.10 Water supply, drainage, heating, gas",,A type water ()
160099,water 100,Material,Water,m,968.94,968.94,968.94,968.94,1,KES,852.67,0.88,1,1,建筑工程,"General installation works - Vol.10 Water supply, drainage, heating, gas",,A type water ()
160104,water 75,Material,Water,pcs,65.37,65.37,65.37,65.37,1,KES,175.83,2.69,1,1,建筑工程,"General installation works - Vol.10 Water supply, drainage, heating, gas",,A type water ()
160080,water splice () 75,Material,Water,pcs,293.5,293.5,293.5,293.5,1,KES,367.17,1.251,1,1,建筑工程,"General installation works - Vol.10 Water supply, drainage, heating, gas",,A type water ()
160098,water 75,Material,Water,m,726.71,726.71,726.71,726.71,1,KES,668.57,0.92,1,1,建筑工程,"General installation works - Vol.10 Water supply, drainage, heating, gas",,A type water ()
160103,water 50,Material,Water,pcs,54.47,54.47,54.47,54.47,1,KES,137.7,2.528,1,1,建筑工程,"General installation works - Vol.10 Water supply, drainage, heating, gas",,A type water ()
160079,water splice () 50,Material,Water,pcs,182.0,182.0,182.0,182.0,1,KES,209.48,1.151,1,1,建筑工程,"General installation works - Vol.10 Water supply, drainage, heating, gas",,A type water ()
160097,water 50,Material,Water,m,472.94,472.94,472.94,472.94,1,KES,444.56,0.94,1,1,建筑工程,"General installation works - Vol.10 Water supply, drainage, heating, gas",,A type water ()
160115,250,Material,General,pcs,584.44,584.44,584.44,584.44,1,KES,16.36,0.028,1,1,建筑工程,"General installation works - Vol.10 Water supply, drainage, heating, gas",,
160078,water splice () 250,Material,Water,pcs,1200.93,1200.93,1200.93,1200.93,1,KES,504.39,0.42,1,1,建筑工程,"General installation works - Vol.10 Water supply, drainage, heating, gas",,
160052,water 250,Material,Water,m,1625.16,1625.16,1625.16,1625.16,1,KES,1592.66,0.98,1,1,建筑工程,"General installation works - Vol.10 Water supply, drainage, heating, gas",,
160114,200,Material,General,pcs,487.03,487.03,487.03,487.03,1,KES,27.27,0.056,1,1,建筑工程,"General installation works - Vol.10 Water supply, drainage, heating, gas",,
170570,PVC-U water pipe () 15,Material,Water,pcs,11.41,11.41,11.41,11.41,1,KES,17.68,1.55,1,1,建筑工程,"General installation works - Vol.10 Water supply, drainage, heating, gas",water,water ()
170558,PVC-U water 15,Material,Water,m,62.8,62.8,62.8,62.8,1,KES,64.06,1.02,1,1,建筑工程,"General installation works - Vol.10 Water supply, drainage, heating, gas",water,water ()
160241,W type no water 250,Material,Water,m,2864.53,2864.53,2864.53,2864.53,1,KES,2704.12,0.944,1,1,建筑工程,"General installation works - Vol.10 Water supply, drainage, heating, gas",,W type no water ()
160246,W type no water () 200,Material,Water,pcs,1120.18,1120.18,1120.18,1120.18,1,KES,377.5,0.337,1,1,建筑工程,"General installation works - Vol.10 Water supply, drainage, heating, gas",,W type no water ()
160240,W type no water 200,Material,Water,m,2018.63,2018.63,2018.63,2018.63,1,KES,1974.22,0.978,1,1,建筑工程,"General installation works - Vol.10 Water supply, drainage, heating, gas",,W type no water ()
160245,W type no water () 150,Material,Water,pcs,740.81,740.81,740.81,740.81,1,KES,380.03,0.513,1,1,建筑工程,"General installation works - Vol.10 Water supply, drainage, heating, gas",,W type no water ()
160239,W type no water 150,Material,Water,m,1249.63,1249.63,1249.63,1249.63,1,KES,1213.39,0.971,1,1,建筑工程,"General installation works - Vol.10 Water supply, drainage, heating, gas",,W type no water ()
160244,W type no water () 100,Material,Water,pcs,440.89,440.89,440.89,440.89,1,KES,420.17,0.953,1,1,建筑工程,"General installation works - Vol.10 Water supply, drainage, heating, gas",,W type no water ()
160238,W type no water 100,Material,Water,m,884.35,884.35,884.35,884.35,1,KES,812.72,0.919,1,1,建筑工程,"General installation works - Vol.10 Water supply, drainage, heating, gas",,W type no water ()
160243,W type no water () 75,Material,Water,pcs,266.59,266.59,266.59,266.59,1,KES,226.87,0.851,1,1,建筑工程,"General installation works - Vol.10 Water supply, drainage, heating, gas",,W type no water ()
160237,W type no water 75,Material,Water,m,645.96,645.96,645.96,645.96,1,KES,609.14,0.943,1,1,建筑工程,"General installation works - Vol.10 Water supply, drainage, heating, gas",,W type no water ()
160242,W type no water () 50,Material,Water,pcs,153.8,153.8,153.8,153.8,1,KES,106.28,0.691,1,1,建筑工程,"General installation works - Vol.10 Water supply, drainage, heating, gas",,W type no water ()
160236,W type no water 50,Material,Water,m,442.18,442.18,442.18,442.18,1,KES,415.2,0.939,1,1,建筑工程,"General installation works - Vol.10 Water supply, drainage, heating, gas",,W type no water ()
160084,water splice () 200,Material,Water,pcs,1222.71,1222.71,1222.71,1222.71,1,KES,595.46,0.487,1,1,建筑工程,"General installation works - Vol.10 Water supply, drainage, heating, gas",,A type water ()
160102,water 200,Material,Water,m,2460.81,2460.81,2460.81,2460.81,1,KES,2411.59,0.98,1,1,建筑工程,"General installation works - Vol.10 Water supply, drainage, heating, gas",,A type water ()
160083,water splice () 150,Material,Water,pcs,886.92,886.92,886.92,886.92,1,KES,632.37,0.713,1,1,建筑工程,"General installation works - Vol.10 Water supply, drainage, heating, gas",,A type water ()
170055,PVC-U water pipe () 75,Material,Water,pcs,119.84,119.84,119.84,119.84,1,KES,138.77,1.158,1,1,建筑工程,"General installation works - Vol.10 Water supply, drainage, heating, gas",,
170054,PVC-U water () 50,Material,Water,pcs,49.6,49.6,49.6,49.6,1,KES,46.72,0.942,1,1,建筑工程,"General installation works - Vol.10 Water supply, drainage, heating, gas",,
170569,PVC-U water 200,Material,Water,m,1819.97,1819.97,1819.97,1819.97,1,KES,1856.37,1.02,1,1,建筑工程,"General installation works - Vol.10 Water supply, drainage, heating, gas",water,water ()
170568,PVC-U water 150,Material,Water,m,1739.23,1739.23,1739.23,1739.23,1,KES,1774.01,1.02,1,1,建筑工程,"General installation works - Vol.10 Water supply, drainage, heating, gas",water,water ()
170567,PVC-U water 125,Material,Water,m,1067.63,1067.63,1067.63,1067.63,1,KES,1088.98,1.02,1,1,建筑工程,"General installation works - Vol.10 Water supply, drainage, heating, gas",water,water ()
170578,PVC-U water pipe () 100,Material,Water,pcs,481.91,481.91,481.91,481.91,1,KES,164.81,0.342,1,1,建筑工程,"General installation works - Vol.10 Water supply, drainage, heating, gas",water,water ()
170566,PVC-U water 100,Material,Water,m,757.47,757.47,757.47,757.47,1,KES,772.62,1.02,1,1,建筑工程,"General installation works - Vol.10 Water supply, drainage, heating, gas",water,water ()
170577,PVC-U water pipe () 80,Material,Water,pcs,271.71,271.71,271.71,271.71,1,KES,98.36,0.362,1,1,建筑工程,"General installation works - Vol.10 Water supply, drainage, heating, gas",water,water ()
170565,PVC-U water 80,Material,Water,m,628.02,628.02,628.02,628.02,1,KES,640.58,1.02,1,1,建筑工程,"General installation works - Vol.10 Water supply, drainage, heating, gas",water,water ()
170576,PVC-U water pipe () 70,Material,Water,pcs,170.46,170.46,170.46,170.46,1,KES,83.7,0.491,1,1,建筑工程,"General installation works - Vol.10 Water supply, drainage, heating, gas",water,water ()
170564,PVC-U water 70,Material,Water,m,440.89,440.89,440.89,440.89,1,KES,449.71,1.02,1,1,建筑工程,"General installation works - Vol.10 Water supply, drainage, heating, gas",water,water ()
170563,PVC-U water 50,Material,Water,m,322.98,322.98,322.98,322.98,1,KES,329.44,1.02,1,1,建筑工程,"General installation works - Vol.10 Water supply, drainage, heating, gas",water,water ()
170562,PVC-U water 40,Material,Water,m,197.38,197.38,197.38,197.38,1,KES,201.32,1.02,1,1,建筑工程,"General installation works - Vol.10 Water supply, drainage, heating, gas",water,water ()
170561,PVC-U water 32,Material,Water,m,139.7,139.7,139.7,139.7,1,KES,142.5,1.02,1,1,建筑工程,"General installation works - Vol.10 Water supply, drainage, heating, gas",water,water ()
170560,PVC-U water 25,Material,Water,m,126.89,126.89,126.89,126.89,1,KES,129.42,1.02,1,1,建筑工程,"General installation works - Vol.10 Water supply, drainage, heating, gas",water,water ()
170559,PVC-U water 20,Material,Water,m,82.03,82.03,82.03,82.03,1,KES,83.67,1.02,1,1,建筑工程,"General installation works - Vol.10 Water supply, drainage, heating, gas",water,water ()
280547,steel pipe 150,Material,Steel & Metal,m,1614.91,1614.91,1614.91,1614.91,1,KES,1663.35,1.03,1,1,建筑工程,General installation works - Vol.4 Electrical equipment installation,,steel pipe
280546,steel pipe 125,Material,Steel & Metal,m,1384.2,1384.2,1384.2,1384.2,1,KES,1425.73,1.03,1,1,建筑工程,General installation works - Vol.4 Electrical equipment installation,,steel pipe
280545,steel pipe 100,Material,Steel & Metal,m,1115.05,1115.05,1115.05,1115.05,1,KES,1148.51,1.03,1,1,建筑工程,General installation works - Vol.4 Electrical equipment installation,,steel pipe
290047,height cement electricity 200,Material,Concrete & Cement,m,657.5,657.5,657.5,657.5,1,KES,677.22,1.03,1,1,建筑工程,General installation works - Vol.4 Electrical equipment installation,,cement
290044,height cement electricity 150,Material,Concrete & Cement,m,399.88,399.88,399.88,399.88,1,KES,411.88,1.03,1,1,建筑工程,General installation works - Vol.4 Electrical equipment installation,,cement
290043,height cement electricity 125,Material,Concrete & Cement,m,344.77,344.77,344.77,344.77,1,KES,355.11,1.03,1,1,建筑工程,General installation works - Vol.4 Electrical equipment installation,,cement
290042,height cement electricity 100,Material,Concrete & Cement,m,312.73,312.73,312.73,312.73,1,KES,322.11,1.03,1,1,建筑工程,General installation works - Vol.4 Electrical equipment installation,,cement
090157,bolt 20×300,Material,Fasteners,set,243.52,243.52,243.52,243.52,1,KES,248.39,1.02,1,1,建筑工程,General installation works - Vol.4 Electrical equipment installation,,Moulding and steel fabrication installation
090153,bolt 12×200,Material,Fasteners,set,64.08,64.08,64.08,64.08,1,KES,65.37,1.02,1,1,建筑工程,General installation works - Vol.4 Electrical equipment installation,,Moulding and steel fabrication installation
280360,waterproofing 100,Material,Waterproofing,pcs,797.2,797.2,797.2,797.2,1,KES,821.12,1.03,1,1,建筑工程,General installation works - Vol.4 Electrical equipment installation,waterproofing installation,
280345,waterproofing 80,Material,Waterproofing,pcs,663.91,663.91,663.91,663.91,1,KES,683.82,1.03,1,1,建筑工程,General installation works - Vol.4 Electrical equipment installation,waterproofing installation,
280403,waterproofing 50,Material,Waterproofing,pcs,166.62,166.62,166.62,166.62,1,KES,171.62,1.03,1,1,建筑工程,General installation works - Vol.4 Electrical equipment installation,waterproofing installation,
170105,PVC-U water () 150,Material,Water,pcs,616.48,616.48,616.48,616.48,1,KES,517.23,0.839,1,1,建筑工程,"General installation works - Vol.10 Water supply, drainage, heating, gas",,
170104,PVC-U water 150,Material,Water,m,754.9,754.9,754.9,754.9,1,KES,705.08,0.934,1,1,建筑工程,"General installation works - Vol.10 Water supply, drainage, heating, gas",,
170057,PVC-U water pipe () 125,Material,Water,pcs,424.23,424.23,424.23,424.23,1,KES,407.69,0.961,1,1,建筑工程,"General installation works - Vol.10 Water supply, drainage, heating, gas",,
170056,PVC-U water pipe () 100,Material,Water,pcs,249.93,249.93,249.93,249.93,1,KES,330.9,1.324,1,1,建筑工程,"General installation works - Vol.10 Water supply, drainage, heating, gas",,
170007,PVC-U water 75,Material,Water,m,399.88,399.88,399.88,399.88,1,KES,119.96,0.3,1,1,建筑工程,"General installation works - Vol.10 Water supply, drainage, heating, gas",,fabrication installation
170005,PVC-U water 50,Material,Water,m,158.93,158.93,158.93,158.93,1,KES,47.68,0.3,1,1,建筑工程,"General installation works - Vol.10 Water supply, drainage, heating, gas",,fabrication installation
170003,PVC-U water 32,Material,Water,m,101.25,101.25,101.25,101.25,1,KES,30.38,0.3,1,1,建筑工程,"General installation works - Vol.10 Water supply, drainage, heating, gas",,fabrication installation
280402,waterproofing 32,Material,Waterproofing,pcs,79.46,79.46,79.46,79.46,1,KES,81.85,1.03,1,1,建筑工程,General installation works - Vol.4 Electrical equipment installation,waterproofing installation,
280401,waterproofing 20,Material,Waterproofing,pcs,61.52,61.52,61.52,61.52,1,KES,63.37,1.03,1,1,建筑工程,General installation works - Vol.4 Electrical equipment installation,waterproofing installation,
280108,moulding,Material,General,pcs,13.46,13.46,13.46,13.46,1,KES,13.73,1.02,1,1,建筑工程,General installation works - Vol.4 Electrical equipment installation,moulding installation,
280051,15 25,Material,General,pcs,1.79,1.79,1.79,1.79,1,KES,3.99,2.225,1,1,建筑工程,General installation works - Vol.4 Electrical equipment installation,moulding installation,
800209,vertical 50,Equipment,General,machine-shift,1372.67,1372.67,1372.67,1372.67,1,KES,131.5,0.0958,1,1,建筑工程,"General installation works - Vol.10 Water supply, drainage, heating, gas",,
180885,galvanized steel pipe splice () 15,Material,Steel & Metal,pcs,11.15,11.15,11.15,11.15,1,KES,14.61,1.31,1,1,建筑工程,"General installation works - Vol.10 Water supply, drainage, heating, gas",,
170225,composite 32,Material,General,m,649.81,649.81,649.81,649.81,1,KES,662.8,1.02,1,1,建筑工程,"General installation works - Vol.10 Water supply, drainage, heating, gas",steel composite (),
170224,composite 25,Material,General,m,453.71,453.71,453.71,453.71,1,KES,462.79,1.02,1,1,建筑工程,"General installation works - Vol.10 Water supply, drainage, heating, gas",steel composite (),
170223,composite 20,Material,General,m,325.54,325.54,325.54,325.54,1,KES,332.06,1.02,1,1,建筑工程,"General installation works - Vol.10 Water supply, drainage, heating, gas",steel composite (),
170222,composite 15,Material,General,m,192.25,192.25,192.25,192.25,1,KES,196.1,1.02,1,1,建筑工程,"General installation works - Vol.10 Water supply, drainage, heating, gas",steel composite (),
170017,PVC-U water 200,Material,Water,m,807.45,807.45,807.45,807.45,1,KES,767.89,0.951,1,1,建筑工程,"General installation works - Vol.10 Water supply, drainage, heating, gas",,
280549,CPVC 110,Material,General,m,281.97,281.97,281.97,281.97,1,KES,296.07,1.05,1,1,建筑工程,General installation works - Vol.4 Electrical equipment installation,,CPVC
280548,CPVC 90,Material,General,m,192.25,192.25,192.25,192.25,1,KES,201.86,1.05,1,1,建筑工程,General installation works - Vol.4 Electrical equipment installation,,CPVC
190224,20,Material,General,pcs,492.16,492.16,492.16,492.16,1,KES,497.08,1.01,1,1,建筑工程,"General installation works - Vol.10 Water supply, drainage, heating, gas",,
190004,15,Material,General,pcs,392.19,392.19,392.19,392.19,1,KES,396.11,1.01,1,1,建筑工程,"General installation works - Vol.10 Water supply, drainage, heating, gas",,
190223,15,Material,General,pcs,399.88,399.88,399.88,399.88,1,KES,403.88,1.01,1,1,建筑工程,"General installation works - Vol.10 Water supply, drainage, heating, gas",,
170110,250,Material,General,pcs,164.05,164.05,164.05,164.05,1,KES,328.11,2.0,1,1,建筑工程,"General installation works - Vol.10 Water supply, drainage, heating, gas",,
170109,200,Material,General,pcs,137.14,137.14,137.14,137.14,1,KES,274.28,2.0,1,1,建筑工程,"General installation works - Vol.10 Water supply, drainage, heating, gas",,
170108,150,Material,General,pcs,113.81,113.81,113.81,113.81,1,KES,227.62,2.0,1,1,建筑工程,"General installation works - Vol.10 Water supply, drainage, heating, gas",,
170107,100,Material,General,pcs,87.54,87.54,87.54,87.54,1,KES,175.08,2.0,1,1,建筑工程,"General installation works - Vol.10 Water supply, drainage, heating, gas",,
170106,75,Material,General,pcs,70.11,70.11,70.11,70.11,1,KES,140.21,2.0,1,1,建筑工程,"General installation works - Vol.10 Water supply, drainage, heating, gas",,
170181,200,Material,General,pcs,1385.49,1385.49,1385.49,1385.49,1,KES,1385.49,1.0,1,1,建筑工程,"General installation works - Vol.10 Water supply, drainage, heating, gas",installation,
170180,160,Material,General,pcs,1045.84,1045.84,1045.84,1045.84,1,KES,1045.84,1.0,1,1,建筑工程,"General installation works - Vol.10 Water supply, drainage, heating, gas",installation,
170178,110,Material,General,pcs,588.29,588.29,588.29,588.29,1,KES,588.29,1.0,1,1,建筑工程,"General installation works - Vol.10 Water supply, drainage, heating, gas",installation,
170177,75,Material,General,pcs,457.56,457.56,457.56,457.56,1,KES,457.56,1.0,1,1,建筑工程,"General installation works - Vol.10 Water supply, drainage, heating, gas",installation,
170176,50,Material,General,pcs,326.83,326.83,326.83,326.83,1,KES,326.83,1.0,1,1,建筑工程,"General installation works - Vol.10 Water supply, drainage, heating, gas",installation,
170012,PVC-U water 225,Material,Water,m,2473.62,2473.62,2473.62,2473.62,1,KES,742.09,0.3,1,1,建筑工程,"General installation works - Vol.10 Water supply, drainage, heating, gas",,fabrication installation
170011,PVC-U water 160,Material,Water,m,1038.15,1038.15,1038.15,1038.15,1,KES,311.45,0.3,1,1,建筑工程,"General installation works - Vol.10 Water supply, drainage, heating, gas",,fabrication installation
170010,PVC-U water 140,Material,Water,m,783.1,783.1,783.1,783.1,1,KES,234.93,0.3,1,1,建筑工程,"General installation works - Vol.10 Water supply, drainage, heating, gas",,fabrication installation
180194,300,Material,General,pcs,2422.36,2422.36,2422.36,2422.36,1,KES,9689.43,4.0,1,1,建筑工程,"General installation works - Vol.10 Water supply, drainage, heating, gas",,square fabrication installation ()
280425,moulding 15,Material,General,pcs,85.23,85.23,85.23,85.23,1,KES,105.35,1.236,1,1,建筑工程,General installation works - Vol.4 Electrical equipment installation,,
280431,moulding 63,Material,General,pcs,492.16,492.16,492.16,492.16,1,KES,608.31,1.236,1,1,建筑工程,General installation works - Vol.4 Electrical equipment installation,,
280026,floor moulding,Material,General,pcs,622.89,622.89,622.89,622.89,1,KES,635.35,1.02,1,1,建筑工程,General installation works - Vol.4 Electrical equipment installation,moulding installation,
110447,10mm×30mm water adhesive strip,Material,Water,m,281.97,281.97,281.97,281.97,1,KES,296.07,1.05,1,1,建筑工程,roofing and waterproofing works,"basement and floor waterproofing, moisture-proofing",water stop with
091220,steel nail,Material,Steel & Metal,pcs,7.69,7.69,7.69,7.69,1,KES,17.69,2.3,1,1,建筑工程,roofing and waterproofing works,"basement and floor waterproofing, moisture-proofing",water stop with
180193,250,Material,General,pcs,1531.6,1531.6,1531.6,1531.6,1,KES,6126.39,4.0,1,1,建筑工程,"General installation works - Vol.10 Water supply, drainage, heating, gas",,square fabrication installation ()
180191,200,Material,General,pcs,775.41,775.41,775.41,775.41,1,KES,3101.64,4.0,1,1,建筑工程,"General installation works - Vol.10 Water supply, drainage, heating, gas",,square fabrication installation ()
180190,150,Material,General,pcs,502.41,502.41,502.41,502.41,1,KES,2009.66,4.0,1,1,建筑工程,"General installation works - Vol.10 Water supply, drainage, heating, gas",,square fabrication installation ()
180189,125,Material,General,pcs,302.47,302.47,302.47,302.47,1,KES,1209.9,4.0,1,1,建筑工程,"General installation works - Vol.10 Water supply, drainage, heating, gas",,square fabrication installation ()
180188,100,Material,General,pcs,166.62,166.62,166.62,166.62,1,KES,666.47,4.0,1,1,建筑工程,"General installation works - Vol.10 Water supply, drainage, heating, gas",,square fabrication installation ()
180187,80,Material,General,pcs,93.82,93.82,93.82,93.82,1,KES,375.27,4.0,1,1,建筑工程,"General installation works - Vol.10 Water supply, drainage, heating, gas",,square fabrication installation ()
180186,70,Material,General,pcs,67.42,67.42,67.42,67.42,1,KES,269.66,4.0,1,1,建筑工程,"General installation works - Vol.10 Water supply, drainage, heating, gas",,square fabrication installation ()
180185,50,Material,General,pcs,46.27,46.27,46.27,46.27,1,KES,185.07,4.0,1,1,建筑工程,"General installation works - Vol.10 Water supply, drainage, heating, gas",,square fabrication installation ()
200011,door 10,Material,General,pcs,43.32,43.32,43.32,43.32,1,KES,43.75,1.01,1,1,建筑工程,"General installation works - Vol.10 Water supply, drainage, heating, gas",,
190207,25,Material,General,pcs,640.84,640.84,640.84,640.84,1,KES,647.24,1.01,1,1,建筑工程,"General installation works - Vol.10 Water supply, drainage, heating, gas",,
280059,(steel pipe) 20,Material,Steel & Metal,pcs,1.79,1.79,1.79,1.79,1,KES,0.28,0.1545,1,1,建筑工程,General installation works - Vol.4 Electrical equipment installation,,galvanized steel pipe
280066,(steel pipe) 100,Material,Steel & Metal,pcs,13.97,13.97,13.97,13.97,1,KES,2.16,0.1545,1,1,建筑工程,General installation works - Vol.4 Electrical equipment installation,,galvanized steel pipe
280041,metal 32,Material,Steel & Metal,pcs,7.18,7.18,7.18,7.18,1,KES,8.87,1.236,1,1,建筑工程,General installation works - Vol.4 Electrical equipment installation,,
090569,PVC,Material,General,pcs,349.9,349.9,349.9,349.9,1,KES,3.57,0.0102,1,1,建筑工程,General installation works - Vol.4 Electrical equipment installation,,PVC
280305,PVC 70,Material,General,pcs,13.46,13.46,13.46,13.46,1,KES,2.08,0.1545,1,1,建筑工程,General installation works - Vol.4 Electrical equipment installation,,PVC
280105,(electricity) 70,Material,General,pcs,6.54,6.54,6.54,6.54,1,KES,4.44,0.6789,1,1,建筑工程,General installation works - Vol.4 Electrical equipment installation,,PVC
280298,PVCT type splice 70,Material,General,pcs,19.23,19.23,19.23,19.23,1,KES,0.39,0.0204,1,1,建筑工程,General installation works - Vol.4 Electrical equipment installation,,PVC
280291,PVC 70,Material,General,pcs,41.01,41.01,41.01,41.01,1,KES,8.37,0.204,1,1,建筑工程,General installation works - Vol.4 Electrical equipment installation,,PVC
280284,PVC 70,Material,General,pcs,12.82,12.82,12.82,12.82,1,KES,0.52,0.0408,1,1,建筑工程,General installation works - Vol.4 Electrical equipment installation,,PVC
180003,galvanized 25,Material,General,pcs,15.38,15.38,15.38,15.38,1,KES,9.23,0.6,1,1,建筑工程,"General installation works - Vol.10 Water supply, drainage, heating, gas",,
180002,galvanized 20,Material,General,pcs,10.0,10.0,10.0,10.0,1,KES,6.0,0.6,1,1,建筑工程,"General installation works - Vol.10 Water supply, drainage, heating, gas",,
180008,galvanized 20,Material,General,pcs,13.84,13.84,13.84,13.84,1,KES,8.31,0.6,1,1,建筑工程,"General installation works - Vol.10 Water supply, drainage, heating, gas",,
180032,galvanized 20,Material,General,pcs,28.2,28.2,28.2,28.2,1,KES,8.46,0.3,1,1,建筑工程,"General installation works - Vol.10 Water supply, drainage, heating, gas",,
210068,water 100,Material,Water,pcs,293.5,293.5,293.5,293.5,1,KES,294.97,1.005,1,1,建筑工程,"General installation works - Vol.10 Water supply, drainage, heating, gas",,
180196,426,Material,General,pcs,5588.08,5588.08,5588.08,5588.08,1,KES,22352.34,4.0,1,1,建筑工程,"General installation works - Vol.10 Water supply, drainage, heating, gas",,square fabrication installation ()
180195,377,Material,General,pcs,4050.08,4050.08,4050.08,4050.08,1,KES,16200.32,4.0,1,1,建筑工程,"General installation works - Vol.10 Water supply, drainage, heating, gas",,square fabrication installation ()
280256,galvanized electrical moulding splice 40,Material,General,pcs,36.78,36.78,36.78,36.78,1,KES,6.06,0.1648,1,1,建筑工程,General installation works - Vol.4 Electrical equipment installation,,
090076,lock nut 32,Material,Fasteners,pcs,6.92,6.92,6.92,6.92,1,KES,1.07,0.1545,1,1,建筑工程,General installation works - Vol.4 Electrical equipment installation,,welding steel pipe
090075,lock nut 25,Material,Fasteners,pcs,5.64,5.64,5.64,5.64,1,KES,0.87,0.1545,1,1,建筑工程,General installation works - Vol.4 Electrical equipment installation,,welding steel pipe
800533,nail,Equipment,General,machine-shift,980.48,980.48,980.48,980.48,1,KES,0.98,0.001,1,1,建筑工程,metal-structure works,"steel plate floor slab, wall slab",
010098,no steel pipe 159×4.5,Material,Steel & Metal,m,1029.18,1029.18,1029.18,1029.18,1,KES,308.75,0.3,1,1,建筑工程,"General installation works - Vol.10 Water supply, drainage, heating, gas",,
010095,no steel pipe 108×3,Material,Steel & Metal,m,467.81,467.81,467.81,467.81,1,KES,140.34,0.3,1,1,建筑工程,"General installation works - Vol.10 Water supply, drainage, heating, gas",,
110516,no poly (PVC) coating,Material,General,m2,410.13,410.13,410.13,410.13,1,KES,430.64,1.05,1,1,建筑工程,floor finishing works,finish layer,
280415,JDG(KBG) splice 50,Material,General,pcs,79.46,79.46,79.46,79.46,1,KES,13.91,0.1751,1,1,建筑工程,General installation works - Vol.4 Electrical equipment installation,,() steel pipe
280414,JDG(KBG) splice 40,Material,General,pcs,58.96,58.96,58.96,58.96,1,KES,10.32,0.1751,1,1,建筑工程,General installation works - Vol.4 Electrical equipment installation,,() steel pipe
280413,JDG(KBG) splice 32,Material,General,pcs,48.7,48.7,48.7,48.7,1,KES,12.54,0.2575,1,1,建筑工程,General installation works - Vol.4 Electrical equipment installation,,() steel pipe
280412,JDG(KBG) splice 25,Material,General,pcs,37.17,37.17,37.17,37.17,1,KES,9.57,0.2575,1,1,建筑工程,General installation works - Vol.4 Electrical equipment installation,,() steel pipe
280411,JDG(KBG) splice 20,Material,General,pcs,33.32,33.32,33.32,33.32,1,KES,13.73,0.412,1,1,建筑工程,General installation works - Vol.4 Electrical equipment installation,,() steel pipe
280228,PVC splice 50,Material,General,pcs,43.06,43.06,43.06,43.06,1,KES,6.65,0.1545,1,1,建筑工程,General installation works - Vol.4 Electrical equipment installation,,PVC
280227,PVC splice 40,Material,General,pcs,30.76,30.76,30.76,30.76,1,KES,4.75,0.1545,1,1,建筑工程,General installation works - Vol.4 Electrical equipment installation,,PVC
280226,PVC splice 32,Material,General,pcs,17.3,17.3,17.3,17.3,1,KES,2.67,0.1545,1,1,建筑工程,General installation works - Vol.4 Electrical equipment installation,,PVC
280225,PVC splice 25,Material,General,pcs,10.64,10.64,10.64,10.64,1,KES,1.64,0.1545,1,1,建筑工程,General installation works - Vol.4 Electrical equipment installation,,PVC
320006,adhesive (10kV)10,Material,General,pair,329.39,329.39,329.39,329.39,1,KES,1317.56,4.0,1,1,建筑工程,General installation works - Vol.4 Electrical equipment installation,,10kV
180178,(1.6MPa) 40,Material,General,pcs,201.22,201.22,201.22,201.22,1,KES,402.44,2.0,1,1,建筑工程,"General installation works - Vol.10 Water supply, drainage, heating, gas",moulding installation,
180020,galvanized splice 25,Material,General,pcs,65.62,65.62,65.62,65.62,1,KES,198.83,3.03,1,1,建筑工程,"General installation works - Vol.10 Water supply, drainage, heating, gas",moulding installation,
180176,(1.6MPa) 25,Material,General,pcs,116.89,116.89,116.89,116.89,1,KES,118.06,1.01,1,1,建筑工程,"General installation works - Vol.10 Water supply, drainage, heating, gas","water, water",water installation
190006,25,Material,General,pcs,628.02,628.02,628.02,628.02,1,KES,634.3,1.01,1,1,建筑工程,"General installation works - Vol.10 Water supply, drainage, heating, gas","water, water",water installation
180175,(1.6MPa) 20,Material,General,pcs,110.74,110.74,110.74,110.74,1,KES,111.84,1.01,1,1,建筑工程,"General installation works - Vol.10 Water supply, drainage, heating, gas","water, water",water installation
180155,flat (1.6MPa) 600,Material,General,pcs,13515.22,13515.22,13515.22,13515.22,1,KES,27030.44,2.0,1,1,建筑工程,"General installation works - Vol.10 Water supply, drainage, heating, gas",water,water ()
180154,flat (1.6MPa) 500,Material,General,pcs,9381.83,9381.83,9381.83,9381.83,1,KES,18763.66,2.0,1,1,建筑工程,"General installation works - Vol.10 Water supply, drainage, heating, gas",water,water ()
090112,with bolt 22×(85 100),Material,Fasteners,set,35.89,35.89,35.89,35.89,1,KES,887.12,24.72,1,1,建筑工程,"General installation works - Vol.10 Water supply, drainage, heating, gas",water,water ()
090110,with bolt 20×(65 80),Material,Fasteners,set,25.25,25.25,25.25,25.25,1,KES,624.15,24.72,1,1,建筑工程,"General installation works - Vol.10 Water supply, drainage, heating, gas",water,water ()
800180,electricity winch (single) 1t,Equipment,Hoists,machine-shift,1307.3,1307.3,1307.3,1307.3,1,KES,108.51,0.083,1,1,建筑工程,"General installation works - Vol.10 Water supply, drainage, heating, gas",,installation
800176,truck crane 12t,Equipment,Cranes,machine-shift,8692.29,8692.29,8692.29,8692.29,1,KES,10865.36,1.25,1,1,建筑工程,"General installation works - Vol.10 Water supply, drainage, heating, gas",,installation
030005,timber 250×200×2500,Material,Wood & Timber,pcs,1678.99,1678.99,1678.99,1678.99,1,KES,80.59,0.048,1,1,建筑工程,"General installation works - Vol.10 Water supply, drainage, heating, gas",,installation
010104,no steel pipe 273×7,Material,Steel & Metal,m,2683.82,2683.82,2683.82,2683.82,1,KES,1154.04,0.43,1,1,建筑工程,"General installation works - Vol.10 Water supply, drainage, heating, gas",,
010100,no steel pipe 219×6,Material,Steel & Metal,m,1803.31,1803.31,1803.31,1803.31,1,KES,577.06,0.32,1,1,建筑工程,"General installation works - Vol.10 Water supply, drainage, heating, gas",,
280257,galvanized electrical molding splice 50,Material,General,pcs,41.14,41.14,41.14,41.14,1,KES,6.78,0.1648,1,1,建筑工程,General installation works - Vol.4 Electrical equipment installation,,
100289,metal stone 25,Material,Steel & Metal,pcs,187.12,187.12,187.12,187.12,1,KES,385.48,2.06,1,1,建筑工程,"General installation works - Vol.10 Water supply, drainage, heating, gas",,installation
600139,flat (1.6MPa) 25,Material,General,pcs,79.46,79.46,79.46,79.46,1,KES,79.46,1.0,1,1,建筑工程,"General installation works - Vol.10 Water supply, drainage, heating, gas",,installation
180179,(1.6MPa) 50,Material,General,pcs,262.74,262.74,262.74,262.74,1,KES,525.49,2.0,1,1,建筑工程,"General installation works - Vol.10 Water supply, drainage, heating, gas",moulding installation,
320016,YS241-01-05(900×1000),Material,General,pcs,328.11,328.11,328.11,328.11,1,KES,4921.62,15.0,1,1,建筑工程,General installation works - Vol.4 Electrical equipment installation,,10kV
320015,145(368×117×105),Material,General,pcs,138.42,138.42,138.42,138.42,1,KES,276.84,2.0,1,1,建筑工程,General installation works - Vol.4 Electrical equipment installation,,10kV
320014,LRG(P-20 vertical),Material,General,pcs,231.98,231.98,231.98,231.98,1,KES,695.95,3.0,1,1,建筑工程,General installation works - Vol.4 Electrical equipment installation,,10kV
320013,electricity,Material,General,unit,69.59,69.59,69.59,69.59,1,KES,278.38,4.0,1,1,建筑工程,General installation works - Vol.4 Electrical equipment installation,,10kV
150226,with V82040,Material,General,pair,17.43,17.43,17.43,17.43,1,KES,69.72,4.0,1,1,建筑工程,General installation works - Vol.4 Electrical equipment installation,,10kV
150235,electricity with,Material,General,pair,16.15,16.15,16.15,16.15,1,KES,32.3,2.0,1,1,建筑工程,General installation works - Vol.4 Electrical equipment installation,,10kV
150225,mirror V82040,Material,General,pair,8.2,8.2,8.2,8.2,1,KES,32.81,4.0,1,1,建筑工程,General installation works - Vol.4 Electrical equipment installation,,10kV
150224,51581,Material,General,pair,133.29,133.29,133.29,133.29,1,KES,533.18,4.0,1,1,建筑工程,General installation works - Vol.4 Electrical equipment installation,,10kV
320012,D3LYB,Material,General,pair,719.02,719.02,719.02,719.02,1,KES,2876.07,4.0,1,1,建筑工程,General installation works - Vol.4 Electrical equipment installation,,10kV
320011,T32,Material,General,pcs,22.94,22.94,22.94,22.94,1,KES,114.71,5.0,1,1,建筑工程,General installation works - Vol.4 Electrical equipment installation,,10kV
320010,GB116-GC,Material,General,pcs,16.66,16.66,16.66,16.66,1,KES,83.31,5.0,1,1,建筑工程,General installation works - Vol.4 Electrical equipment installation,,10kV
320008,() YS103-12-02,Material,General,pair,271.71,271.71,271.71,271.71,1,KES,271.71,1.0,1,1,建筑工程,General installation works - Vol.4 Electrical equipment installation,,10kV
320007,adhesive (8kV)10,Material,General,pair,123.04,123.04,123.04,123.04,1,KES,123.04,1.0,1,1,建筑工程,General installation works - Vol.4 Electrical equipment installation,,10kV
300091,galvanized angle steel 16×550,Material,Steel & Metal,pair,72.41,72.41,72.41,72.41,1,KES,145.55,2.01,1,1,建筑工程,General installation works - Vol.4 Electrical equipment installation,,
090140,galvanized with bolt 16×(400 450),Material,Fasteners,set,80.62,80.62,80.62,80.62,1,KES,328.92,4.08,1,1,建筑工程,General installation works - Vol.4 Electrical equipment installation,,
300089,galvanized angle steel 63×6×2700,Material,Steel & Metal,pcs,1107.36,1107.36,1107.36,1107.36,1,KES,2221.37,2.006,1,1,建筑工程,General installation works - Vol.4 Electrical equipment installation,,
300090,galvanized angle steel 63×63×6×570,Material,Steel & Metal,pcs,288.38,288.38,288.38,288.38,1,KES,289.24,1.003,1,1,建筑工程,General installation works - Vol.4 Electrical equipment installation,,electricity installation
300067,galvanized angle steel shoring 50×50×5×1760,Material,Steel & Metal,pcs,437.05,437.05,437.05,437.05,1,KES,876.72,2.006,1,1,建筑工程,General installation works - Vol.4 Electrical equipment installation,,electricity installation
300087,galvanized angle steel 50×5×1100,Material,Steel & Metal,pcs,406.29,406.29,406.29,406.29,1,KES,407.51,1.003,1,1,建筑工程,General installation works - Vol.4 Electrical equipment installation,,electricity installation
300026,galvanized angle steel 63×63×6×1500,Material,Steel & Metal,pcs,583.16,583.16,583.16,583.16,1,KES,584.91,1.003,1,1,建筑工程,General installation works - Vol.4 Electrical equipment installation,,electricity installation
300088,galvanized angle steel 50×5×1760,Material,Steel & Metal,pcs,649.81,649.81,649.81,649.81,1,KES,1303.51,2.006,1,1,建筑工程,General installation works - Vol.4 Electrical equipment installation,,electricity installation
090532,moulding 40×5×60,Material,General,pcs,9.23,9.23,9.23,9.23,1,KES,37.65,4.08,1,1,建筑工程,General installation works - Vol.4 Electrical equipment installation,,
300009,slab 40×4×230,Material,General,pcs,26.15,26.15,26.15,26.15,1,KES,52.55,2.01,1,1,建筑工程,General installation works - Vol.4 Electrical equipment installation,,installation
310009,ED-1,Material,General,pcs,19.74,19.74,19.74,19.74,1,KES,19.84,1.005,1,1,建筑工程,General installation works - Vol.4 Electrical equipment installation,,installation
320024,P 10,Material,General,set,166.62,166.62,166.62,166.62,1,KES,167.45,1.005,1,1,建筑工程,General installation works - Vol.4 Electrical equipment installation,,installation
110737,poly,Material,General,g,1.79,1.79,1.79,1.79,1,KES,35.89,20.0,1,1,建筑工程,"General installation works - Vol.10 Water supply, drainage, heating, gas",installation,
390037,cement slab 900×700×80,Material,Concrete & Cement,pcs,602.39,602.39,602.39,602.39,1,KES,602.39,1.0,1,1,建筑工程,"General installation works - Vol.10 Water supply, drainage, heating, gas",masonry,
390035,cement slab 600×600×60,Material,Concrete & Cement,pcs,258.9,258.9,258.9,258.9,1,KES,258.9,1.0,1,1,建筑工程,"General installation works - Vol.10 Water supply, drainage, heating, gas",masonry,
390032,cement slab 500×500×60,Material,Concrete & Cement,pcs,179.43,179.43,179.43,179.43,1,KES,179.43,1.0,1,1,建筑工程,"General installation works - Vol.10 Water supply, drainage, heating, gas",masonry,
300074,galvanized ground 25,Material,General,pcs,762.59,762.59,762.59,762.59,1,KES,793.1,1.04,1,1,建筑工程,General installation works - Vol.4 Electrical equipment installation,,
300073,galvanized ground 19,Material,General,pcs,507.54,507.54,507.54,507.54,1,KES,527.84,1.04,1,1,建筑工程,General installation works - Vol.4 Electrical equipment installation,,
010052,galvanized steel pipe 50,Material,Steel & Metal,kg,61.01,61.01,61.01,61.01,1,KES,812.01,13.31,1,1,建筑工程,General installation works - Vol.4 Electrical equipment installation,,
090180,nail (6 12)×(12 80),Equipment,General,pcs,0.77,0.77,0.77,0.77,1,KES,3.14,4.08,1,1,建筑工程,General installation works - Vol.4 Electrical equipment installation,electricity installation,
090857,galvanized nail with M16×60,Material,Fasteners,set,17.69,17.69,17.69,17.69,1,KES,35.73,2.02,1,1,建筑工程,General installation works - Vol.11 Communication equipment and lines,column additional,
800120,drilling DHR80A,Equipment,General,machine-shift,23285.4,23285.4,23285.4,23285.4,1,KES,279.42,0.012,1,1,建筑工程,ground treatment and slope support,foundation pit,nail
120036,10,Material,General,m,3.33,3.33,3.33,3.33,1,KES,2.45,0.735,1,1,建筑工程,ground treatment and slope support,foundation pit,nail
310013,P-6,Material,General,pcs,73.7,73.7,73.7,73.7,1,KES,74.06,1.005,1,1,建筑工程,General installation works - Vol.4 Electrical equipment installation,,installation
310027,electricity,Material,General,pcs,2050.67,2050.67,2050.67,2050.67,1,KES,2060.93,1.005,1,1,建筑工程,General installation works - Vol.4 Electrical equipment installation,,installation
310026,height P-20,Material,General,pcs,704.92,704.92,704.92,704.92,1,KES,708.44,1.005,1,1,建筑工程,General installation works - Vol.4 Electrical equipment installation,,installation
310025,height P-15,Material,General,pcs,371.68,371.68,371.68,371.68,1,KES,373.54,1.005,1,1,建筑工程,General installation works - Vol.4 Electrical equipment installation,,installation
300032,galvanized angle steel 75×75×6×850,Material,Steel & Metal,pcs,456.27,456.27,456.27,456.27,1,KES,915.29,2.006,1,1,建筑工程,General installation works - Vol.4 Electrical equipment installation,,installation
010367,galvanized steel plate,Material,Steel & Metal,kg,124.07,124.07,124.07,124.07,1,KES,60.77,0.4898,1,1,建筑工程,General installation works - Vol.4 Electrical equipment installation,,ground slab fabrication installation
280359,aluminium moulding DTL/JY-2,Material,General,pcs,834.37,834.37,834.37,834.37,1,KES,3387.53,4.06,1,1,建筑工程,General installation works - Vol.4 Electrical equipment installation,,
350023,moulding BX-16,Material,General,m,175.59,175.59,175.59,175.59,1,KES,356.45,2.03,1,1,建筑工程,General installation works - Vol.4 Electrical equipment installation,,
300008,galvanized flat steel 65×6×800,Material,Steel & Metal,pair,192.25,192.25,192.25,192.25,1,KES,386.42,2.01,1,1,建筑工程,General installation works - Vol.4 Electrical equipment installation,,
280175,with,Material,General,unit,67.67,67.67,67.67,67.67,1,KES,14.89,0.22,1,1,建筑工程,General installation works - Vol.4 Electrical equipment installation,,
091420,galvanized expansion bolt 14,Material,Fasteners,set,52.8,52.8,52.8,52.8,1,KES,75.51,1.43,1,1,建筑工程,General installation works - Vol.4 Electrical equipment installation,,
310045,adhesive with 25×10,Material,General,unit,18.46,18.46,18.46,18.46,1,KES,6.15,0.333,1,1,建筑工程,General installation works - Vol.4 Electrical equipment installation,moulding,
280119,4,Material,General,pcs,37.3,37.3,37.3,37.3,1,KES,75.71,2.03,1,1,建筑工程,General installation works - Vol.4 Electrical equipment installation,moulding,
350027,moulding BVR-4,Material,General,m,36.91,36.91,36.91,36.91,1,KES,67.64,1.8324,1,1,建筑工程,General installation works - Vol.4 Electrical equipment installation,moulding,
280126,70,Material,General,pcs,273.0,273.0,273.0,273.0,1,KES,138.54,0.5075,1,1,建筑工程,General installation works - Vol.4 Electrical equipment installation,moulding,
280125,50,Material,General,pcs,211.48,211.48,211.48,211.48,1,KES,107.32,0.5075,1,1,建筑工程,General installation works - Vol.4 Electrical equipment installation,moulding,
280124,35,Material,General,pcs,133.29,133.29,133.29,133.29,1,KES,67.65,0.5075,1,1,建筑工程,General installation works - Vol.4 Electrical equipment installation,moulding,
280123,25,Material,General,pcs,99.33,99.33,99.33,99.33,1,KES,50.41,0.5075,1,1,建筑工程,General installation works - Vol.4 Electrical equipment installation,moulding,
090353,aluminium alloy ground slab,Material,General,m2,6214.82,6214.82,6214.82,6214.82,1,KES,6339.12,1.02,1,1,建筑工程,floor finishing works,finish layer,electricity ground slab
280168,metal ground 76,Material,Steel & Metal,pcs,146.11,146.11,146.11,146.11,1,KES,150.49,1.03,1,1,建筑工程,General installation works - Vol.4 Electrical equipment installation,,
080304,partition,Material,General,m2,2563.34,2563.34,2563.34,2563.34,1,KES,2691.51,1.05,1,1,建筑工程,"wall and column finishes, partitions and curtain walls",partition,partition
310037,moulding J2,Material,General,pcs,139.7,139.7,139.7,139.7,1,KES,142.5,1.02,1,1,建筑工程,General installation works - Vol.4 Electrical equipment installation,"moulding and fabrication, installation",
310038,moulding J4.5,Material,General,pcs,199.94,199.94,199.94,199.94,1,KES,203.94,1.02,1,1,建筑工程,General installation works - Vol.4 Electrical equipment installation,"moulding and fabrication, installation",
300071,round bar,Material,General,pcs,644.68,644.68,644.68,644.68,1,KES,644.68,1.0,1,1,建筑工程,General installation works - Vol.4 Electrical equipment installation,,fabrication
170065,65,Material,General,m,143.55,143.55,143.55,143.55,1,KES,200.97,1.4,1,1,建筑工程,General installation works - Vol.4 Electrical equipment installation,,
050023,mirror finish glass strip,Material,Glass,m,98.82,98.82,98.82,98.82,1,KES,101.78,1.03,1,1,建筑工程,other decoration works,decorative moulding,mirror finish glass moulding
090583,nail,Material,Fasteners,pcs,2.05,2.05,2.05,2.05,1,KES,26.72,13.03,1,1,建筑工程,ceiling works,ceiling decorative,canopy facing
080290,aluminium alloy,Material,General,m2,769.0,769.0,769.0,769.0,1,KES,807.45,1.05,1,1,建筑工程,ceiling works,ceiling decorative,canopy facing
080289,aluminium alloy keel 60×30×1.5,Material,General,m,281.97,281.97,281.97,281.97,1,KES,402.0,1.4257,1,1,建筑工程,ceiling works,ceiling decorative,canopy facing
300046,moulding 2000,Material,General,pcs,120.73,120.73,120.73,120.73,1,KES,120.73,1.0,1,1,建筑工程,General installation works - Vol.11 Communication equipment and lines,,
010034,ordinary steel plate 31,Material,Steel & Metal,kg,55.75,55.75,55.75,55.75,1,KES,1724.15,30.925,1,1,建筑工程,ground treatment and slope support,foundation pit,()
370218,fixing window,Material,Glass,m2,7690.02,7690.02,7690.02,7690.02,1,KES,7690.02,1.0,1,1,建筑工程,door and window works,metal window,
060099,marble surface,Material,General,m2,6408.35,6408.35,6408.35,6408.35,1,KES,6728.77,1.05,1,1,建筑工程,other decoration works,,
120138,slab,Material,General,m2,1538.0,1538.0,1538.0,1538.0,1,KES,922.8,0.6,1,1,建筑工程,other decoration works,,slab
110515,spraying,Material,General,m2,576.75,576.75,576.75,576.75,1,KES,605.59,1.05,1,1,建筑工程,other decoration works,,finish layer
350307,adhesive moulding 2×16/0.15,Material,General,m,57.68,57.68,57.68,57.68,1,KES,576.75,10.0,1,1,建筑工程,General installation works - Vol.4 Electrical equipment installation,electricity installation,
120079,0.5 1.0,Material,General,kg,742.09,742.09,742.09,742.09,1,KES,7.42,0.01,1,1,建筑工程,General installation works - Vol.4 Electrical equipment installation,electricity installation,
090126,galvanized with bolt 10×(65 80),Material,Fasteners,set,10.0,10.0,10.0,10.0,1,KES,40.79,4.08,1,1,建筑工程,General installation works - Vol.4 Electrical equipment installation,installation,installation
100367,adhesive 3mm,Material,General,kg,105.1,105.1,105.1,105.1,1,KES,122.75,1.168,1,1,建筑工程,General installation works - Vol.4 Electrical equipment installation,,
120032,6,Material,General,m,1.79,1.79,1.79,1.79,1,KES,0.9,0.5,1,1,建筑工程,General installation works - Vol.4 Electrical equipment installation,,
800019,flat 16m,Equipment,General,machine-shift,6897.95,6897.95,6897.95,6897.95,1,KES,1149.89,0.1667,1,1,建筑工程,General installation works - Vol.4 Electrical equipment installation,electricity installation,
010036,galvanized steel plate 0.7 0.9,Material,Steel & Metal,kg,69.98,69.98,69.98,69.98,1,KES,1150.46,16.44,1,1,建筑工程,General installation works - Vol.7 Ventilation and air conditioning,,
310094,moulding column 16,Material,General,pcs,115.35,115.35,115.35,115.35,1,KES,173.03,1.5,1,1,建筑工程,"General installation works - Vol.12 Painting, anti-corrosion, thermal insulation",,electricity fabrication installation
310093,moulding column 8,Material,General,pcs,57.68,57.68,57.68,57.68,1,KES,20.19,0.35,1,1,建筑工程,"General installation works - Vol.12 Painting, anti-corrosion, thermal insulation",,electricity fabrication installation
010163,no steel pipe 89×4,Material,Steel & Metal,m,642.12,642.12,642.12,642.12,1,KES,64.21,0.1,1,1,建筑工程,"General installation works - Vol.12 Painting, anti-corrosion, thermal insulation",,electricity fabrication installation
100368,HOREQ-D8 strip,Material,General,m,1281.67,1281.67,1281.67,1281.67,1,KES,1320.12,1.03,1,1,建筑工程,door and window works,door window,
050036,glass grinding,Material,Glass,m2,640.84,640.84,640.84,640.84,1,KES,206.35,0.322,1,1,建筑工程,other decoration works,,
090433,door,Material,General,m,307.6,307.6,307.6,307.6,1,KES,307.6,1.0,1,1,建筑工程,other decoration works,,wall
100284,double surface silicone sealant with,Material,Rubber,m,3.85,3.85,3.85,3.85,1,KES,33.05,8.596,1,1,建筑工程,other decoration works,,
090951,stainless steel,Material,Steel & Metal,pcs,23.07,23.07,23.07,23.07,1,KES,510.31,22.12,1,1,建筑工程,other decoration works,,
070129,flat moulding 20×5,Material,General,m,38.45,38.45,38.45,38.45,1,KES,620.66,16.142,1,1,建筑工程,other decoration works,,
070128,decorative moulding 50mm,Material,General,m,32.04,32.04,32.04,32.04,1,KES,49.02,1.53,1,1,建筑工程,other decoration works,,
050037,mirror finish glass (finished product) 5mm,Material,Glass,m2,653.65,653.65,653.65,653.65,1,KES,1977.95,3.026,1,1,建筑工程,other decoration works,,
070127,timber moulding 10×10,Material,Wood & Timber,m,38.45,38.45,38.45,38.45,1,KES,189.06,4.917,1,1,建筑工程,other decoration works,,
070124,timber,Material,Wood & Timber,m2,256.33,256.33,256.33,256.33,1,KES,88.18,0.344,1,1,建筑工程,other decoration works,,
030125,plywood 15mm,Material,Wood & Timber,m2,448.58,448.58,448.58,448.58,1,KES,1507.24,3.36,1,1,建筑工程,other decoration works,,
050010,glass 3mm,Material,Glass,m2,192.25,192.25,192.25,192.25,1,KES,266.46,1.386,1,1,建筑工程,other decoration works,,frame
080746,angle steel 50×80×5,Material,Steel & Metal,kg,58.96,58.96,58.96,58.96,1,KES,182.15,3.0895,1,1,建筑工程,"wall and column finishes, partitions and curtain walls",wall facing,wall surface decorative slab
080745,angle steel 50×50×4,Material,Steel & Metal,kg,58.96,58.96,58.96,58.96,1,KES,64.78,1.0988,1,1,建筑工程,"wall and column finishes, partitions and curtain walls",wall facing,wall surface decorative slab
080744,keel 60×80×4,Material,General,kg,58.96,58.96,58.96,58.96,1,KES,691.33,11.726,1,1,建筑工程,"wall and column finishes, partitions and curtain walls",wall facing,wall surface decorative slab
060091,granite aluminium composite slab,Material,General,m2,4870.35,4870.35,4870.35,4870.35,1,KES,5211.27,1.07,1,1,建筑工程,"wall and column finishes, partitions and curtain walls",wall facing,wall surface decorative slab
091021,galvanized with bolt 14×(65 80),Material,Fasteners,set,21.4,21.4,21.4,21.4,1,KES,87.33,4.08,1,1,建筑工程,General installation works - Vol.7 Ventilation and air conditioning,and installation,installation
091020,galvanized with bolt 12×(85 100),Material,Fasteners,set,17.82,17.82,17.82,17.82,1,KES,74.11,4.16,1,1,建筑工程,General installation works - Vol.7 Ventilation and air conditioning,and installation,installation
091479,galvanized with bolt 10×(110 120),Material,Fasteners,set,13.97,13.97,13.97,13.97,1,KES,290.58,20.8,1,1,建筑工程,General installation works - Vol.7 Ventilation and air conditioning,and installation,installation
090097,galvanized bolt 10×30,Material,Fasteners,pcs,2.69,2.69,2.69,2.69,1,KES,11.09,4.12,1,1,建筑工程,General installation works - Vol.9 Fire protection,,
180034,galvanized 32,Material,General,pcs,66.65,66.65,66.65,66.65,1,KES,67.31,1.01,1,1,建筑工程,General installation works - Vol.9 Fire protection,,
190209,(1.6MPa)DN32,Material,General,pcs,1009.96,1009.96,1009.96,1009.96,1,KES,2040.11,2.02,1,1,建筑工程,General installation works - Vol.9 Fire protection,,
240006,water splice DN32,Material,Water,pcs,57.68,57.68,57.68,57.68,1,KES,58.25,1.01,1,1,建筑工程,General installation works - Vol.9 Fire protection,,
190208,(1.6MPa)DN25,Material,General,pcs,583.16,583.16,583.16,583.16,1,KES,1177.98,2.02,1,1,建筑工程,General installation works - Vol.9 Fire protection,,
240005,water splice DN25,Material,Water,pcs,41.01,41.01,41.01,41.01,1,KES,41.42,1.01,1,1,建筑工程,General installation works - Vol.9 Fire protection,,
010284,channel steel 6.3,Material,Steel & Metal,kg,53.06,53.06,53.06,53.06,1,KES,36.61,0.69,1,1,建筑工程,General installation works - Vol.7 Ventilation and air conditioning,,installation
090169,ground bolt 16×180,Material,Fasteners,set,30.76,30.76,30.76,30.76,1,KES,125.5,4.08,1,1,建筑工程,General installation works - Vol.7 Ventilation and air conditioning,installation,mixed () installation
091018,ground bolt 14×(150 300),Material,Fasteners,set,44.86,44.86,44.86,44.86,1,KES,183.02,4.08,1,1,建筑工程,General installation works - Vol.7 Ventilation and air conditioning,installation,mixed () installation
